0 0
-1 1
1 -1
1949 15390
22139 30520
16185 15229
-4362 7115
-23038 -16881
10403 18008
12170 17903
511 12424
7029 23302
12156 31754
28220 -12039
2488 14555
27261 25192
13919 8388
8810 16362
4417 11300
18808 6010
11176 25583
20055 16469
21992 5367
20775 1648
26423 18538
18921 1815
14271 9628
29491 16596
242 8455
19752 23186
6174 7313
19624 26114
14145 23821
2756 8510
18462 30979
2165 31661
26000 9396
23181 25126
1823 32601
20973 5720
2769 17836
29689 5481
4418 3497
22345 20957
24567 28566
14497 17594
15856 16449
23588 6633
32380 16521
3780 31712
11858 26143
23549 17022
5852 8590
19395 2358
3030 17785
15545 28784
14104 29476
11939 3628
22192 12343
4382 20969
8500 2494
27279 24517
17495 26739
27481 9957
12729 31296
16723 14103
11780 21760
16249 6582
22068 13958
11745 12751
3894 1504
22001 26497
5045 31196
7888 8874
5169 2252
19994 22720
7505 1415
16600 12796
14458 3504
12463 2494
31392 11579
22871 20013
30044 23340
4687 797
15935 13218
12495 27703
103 4885
17919 8787
19535 30428
3430 6185
6635 18162
8101 21033
12533 27897
15717 21927
27522 23679
18062 4923
1752 28801
12729 20584
30339 16941
6121 21627
28070 23788
10357 23734
-4752 -29600