20

100 7 6
63 52
53 54
27 32
52 41
36 29
53 26
64 38
25 55
38 33
38 47
32 40
64 33
66 62
64 48
25 66
29 56
28 65
57 43
28 33
65 61
51 60
28 49
25 60
31 42
37 29
63 37
27 28
23 27
45 45
49 47
44 21
21 17
38 25
59 45
65 64
22 18
30 45
56 29
43 53
66 25
67 19
64 36
23 56
33 36
26 20
28 30
52 50
58 48
39 51
61 65
47 46
68 38
55 49
47 34
20 16
29 36
55 30
47 44
65 19
66 57
65 53
45 53
27 24
37 24
46 44
59 66
40 27
34 37
44 41
54 68
37 53
57 49
25 38
56 38
60 27
60 41
45 29
43 59
42 31
69 52
25 36
63 52
64 28
36 48
42 25
32 40
23 45
46 48
58 48
59 33
70 67
35 63
61 40
36 58
45 42
62 29
59 65
54 28
67 24
35 42

100 6 7
36 64
65 59
25 38
44 47
45 59
42 45
60 51
20 26
64 65
41 52
36 29
47 49
19 65
24 27
40 32
30 55
27 60
24 37
28 54
28 27
38 64
17 21
48 58
65 61
59 43
58 36
29 36
44 46
43 57
49 55
57 66
31 42
48 36
62 66
48 64
16 20
25 42
61 65
68 54
18 22
33 28
36 25
37 34
38 68
40 61
27 40
29 37
52 63
53 37
52 63
45 45
26 53
65 28
42 31
60 25
40 32
30 28
37 63
33 38
28 64
48 58
42 35
46 47
34 47
24 67
67 70
38 56
56 23
29 56
29 62
49 28
55 25
33 59
53 43
45 30
51 39
48 46
54 53
56 29
45 23
63 35
25 66
52 69
21 44
66 25
29 45
19 67
49 57
53 45
41 44
66 59
33 64
53 65
50 52
36 33
41 60
27 23
32 27
38 25
47 38

100 4 7
88 116
86 92
104 104
105 83
94 88
81 82
75 79
114 108
79 108
116 73
99 77
80 90
98 96
88 88
86 100
68 78
89 73
86 80
84 104
101 69
100 117
81 103
117 101
71 95
117 78
103 105
88 99
109 108
72 85
112 90
78 114
71 82
76 94
116 76
109 72
87 89
106 106
91 91
79 107
83 114
70 77
96 70
107 76
102 79
100 90
91 68
70 113
99 86
78 111
75 72
115 104
116 96
104 77
98 103
102 115
101 97
116 79
100 92
95 100
116 76
82 92
102 92
106 116
94 93
111 114
71 68
84 92
74 69
87 75
85 85
17 67
99 74
72 84
95 93
107 79
95 115
69 75
102 110
69 116
67 25
87 117
77 71
95 104
104 99
117 97
79 71
99 83
77 79
94 106
108 69
92 77
10 10
84 107
112 90
111 76
91 73
76 113
78 109
75 106
97 80

100 7 4
114 78
104 115
111 78
90 100
80 97
95 71
82 81
113 70
116 88
78 68
86 99
71 79
117 87
67 17
71 77
105 103
74 99
75 69
93 94
84 72
92 100
94 76
108 79
77 99
108 109
77 92
107 79
68 91
77 70
91 91
68 71
110 102
69 101
10 10
92 86
99 88
79 116
85 85
90 112
76 116
114 83
83 99
97 101
88 88
106 75
88 94
113 76
90 112
104 95
92 84
96 98
93 95
73 89
106 94
77 104
92 82
115 102
116 106
79 75
117 100
104 104
92 102
75 87
72 109
72 75
106 106
101 117
79 102
80 86
96 116
78 117
82 71
85 72
79 107
79 77
69 108
97 117
89 87
76 111
25 67
109 78
108 114
76 116
90 80
114 111
70 96
73 116
73 91
76 107
103 81
104 84
107 84
100 86
100 95
115 95
99 104
116 69
69 74
83 105
103 98

100 4 5
141 134
131 136
105 114
130 123
114 111
131 108
142 120
103 137
116 115
116 129
110 122
142 115
144 144
142 130
103 148
107 138
106 147
135 125
106 115
143 143
129 142
106 131
103 142
109 124
115 111
141 119
105 110
101 109
123 127
127 129
122 103
14 100
116 107
137 127
143 146
100 15
108 127
134 111
121 135
144 107
145 101
142 118
101 138
111 118
104 102
106 112
130 132
136 130
117 133
139 147
125 128
146 120
133 131
125 116
10 12
107 118
133 112
125 126
143 101
144 139
143 135
123 135
105 106
115 106
124 126
137 148
118 109
112 119
122 123
132 150
115 135
135 131
103 120
134 120
138 109
138 123
123 111
121 141
120 113
147 134
103 118
141 134
142 110
114 130
120 107
110 122
101 127
124 130
136 130
137 115
148 149
113 145
139 122
114 140
123 124
140 111
137 147
132 110
145 106
113 124

100 5 4
118 142
147 137
107 116
126 125
127 137
124 123
142 129
102 104
146 143
123 130
118 107
129 127
101 143
106 105
122 110
112 133
109 138
106 115
110 132
110 105
120 142
100 14
130 136
147 139
141 121
140 114
111 114
126 124
125 135
131 133
139 144
113 120
130 114
144 144
130 142
12 10
107 120
143 143
150 132
15 100
115 106
118 103
119 112
120 146
122 139
109 118
111 115
134 141
135 115
134 141
127 123
108 131
147 106
124 109
142 103
122 110
112 106
119 141
115 116
110 142
130 136
124 113
128 125
116 125
106 145
149 148
120 134
138 101
111 134
111 140
131 106
137 103
115 137
135 121
127 108
133 117
130 124
136 131
138 107
127 101
145 113
107 144
134 147
103 122
148 103
111 123
101 145
131 135
135 123
123 122
148 137
115 142
135 143
132 130
118 111
123 138
109 101
114 105
120 103
129 116

100 6 4
60 55
57 60
57 46
35 66
44 51
64 46
64 34
47 68
17 63
21 73
56 58
43 62
37 44
20 66
18 53
59 32
60 65
43 75
57 78
44 39
29 44
18 31
20 54
23 40
49 29
55 47
29 75
19 53
28 42
54 47
41 66
43 62
47 49
52 74
47 31
33 67
32 47
62 45
28 38
37 47
52 78
49 60
10 20
16 28
45 33
52 65
47 51
24 58
47 63
40 37
20 32
28 65
51 78
23 58
23 76
36 43
15 27
50 78
20 48
44 45
36 62
22 73
66 38
40 60
18 48
34 39
64 37
53 46
29 40
24 68
36 78
58 51
64 68
46 46
23 63
66 29
40 36
34 73
25 42
22 29
18 34
24 78
21 30
56 38
65 53
18 38
51 38
34 78
55 69
59 31
53 54
42 37
40 71
40 56
29 34
23 58
41 49
61 61
37 47
54 29

100 4 6
62 43
65 28
53 65
45 44
38 66
27 15
49 41
61 61
56 40
53 18
78 34
44 37
30 21
58 24
46 64
32 59
51 44
39 44
45 62
31 59
78 24
46 46
58 23
54 20
44 29
47 32
31 18
49 47
55 60
33 45
40 23
37 42
47 37
54 53
75 43
68 47
78 36
60 40
78 51
38 51
46 57
66 41
51 47
65 52
47 55
75 29
53 19
62 36
78 57
37 64
67 33
29 54
60 49
65 60
42 28
31 47
34 64
73 22
29 66
34 18
63 17
78 50
48 20
58 56
36 40
58 23
38 28
20 10
68 24
73 34
29 49
78 52
37 40
38 18
47 54
42 25
47 37
46 53
73 21
29 22
39 34
63 23
71 40
40 29
51 58
66 20
68 64
34 29
76 23
66 35
38 56
43 36
62 43
60 57
69 55
63 47
32 20
74 52
48 18
28 16

100 5 5
115 228
103 224
121 225
126 219
145 218
117 229
109 219
126 227
110 227
124 221
106 227
141 250
135 213
141 227
112 215
101 253
132 245
128 228
124 241
129 233
103 221
126 216
147 214
106 243
150 224
134 216
120 217
145 225
133 261
135 244
114 229
113 260
126 235
102 247
106 234
135 225
100 211
149 227
146 256
112 250
105 219
113 218
117 234
103 234
137 257
121 241
101 224
114 228
133 259
108 252
111 257
106 221
121 226
134 229
107 212
148 250
126 252
109 230
130 245
103 217
130 235
129 227
127 242
121 257
133 259
148 222
129 212
40 21
146 244
123 234
129 233
114 217
140 258
116 242
121 256
136 247
38 19
134 250
117 220
138 226
111 219
129 248
111 243
109 221
105 250
146 256
132 218
127 221
120 232
132 257
142 256
146 237
124 250
113 248
132 225
121 257
133 250
133 225
140 213
109 243

100 5 5
227 126
221 106
228 128
234 106
224 101
218 145
245 130
230 109
229 117
224 150
225 135
257 111
226 121
234 123
217 120
244 135
250 133
215 112
257 137
243 109
261 133
213 140
220 117
21 40
250 141
242 116
243 106
242 127
259 133
260 113
221 103
217 114
221 127
225 145
244 146
221 109
211 100
222 148
225 132
235 130
256 121
221 124
216 126
218 113
212 129
258 140
233 129
237 146
218 132
248 129
229 134
257 132
219 109
245 132
212 107
219 126
226 138
227 106
232 120
219 111
224 103
225 121
219 105
252 108
259 133
250 112
228 115
253 101
235 126
256 146
234 103
233 129
257 121
227 129
250 148
256 146
213 135
227 149
247 136
225 133
19 38
252 126
243 111
241 124
227 110
250 134
248 113
257 121
250 124
229 114
247 102
216 134
234 117
217 103
256 142
250 105
241 121
227 141
214 147
228 114

100 5 5
108 108
126 113
113 141
102 150
126 119
128 147
146 125
114 143
129 104
103 104
110 113
100 11
122 143
117 118
116 145
111 142
109 112
101 131
114 127
133 126
129 131
137 140
150 117
138 116
136 129
108 137
105 133
147 117
109 147
106 105
120 131
142 108
108 126
136 138
105 134
115 105
116 103
144 114
18 9
112 130
150 147
125 111
136 112
124 131
120 119
110 132
146 115
115 139
145 136
150 148
128 143
129 113
101 142
143 134
120 121
110 107
127 128
112 127
120 111
114 124
148 111
132 148
124 124
111 132
144 103
122 131
103 127
110 132
128 120
101 125
107 125
111 128
142 103
140 125
115 135
112 136
116 116
141 144
128 121
112 138
105 125
150 148
117 130
130 144
122 138
126 123
122 142
20 100
116 111
128 140
142 108
144 106
131 101
107 113
137 133
121 125
115 134
117 142
112 129
113 136

100 5 5
128 127
128 111
103 142
126 133
125 121
148 150
137 108
134 105
106 144
117 150
108 108
125 105
150 102
113 110
139 115
145 116
125 101
125 107
136 113
142 101
141 113
111 120
115 146
132 110
11 100
131 120
107 110
144 141
138 112
113 107
132 110
148 132
108 142
104 129
147 128
116 116
147 150
112 136
105 106
140 128
114 144
133 105
123 126
138 136
144 130
131 122
131 101
104 103
111 148
133 137
108 142
143 128
129 112
136 112
143 114
111 125
124 124
134 143
127 103
142 111
131 129
130 117
119 120
119 126
118 117
111 116
121 128
135 115
9 18
113 126
125 146
131 124
101 131
125 140
105 115
112 109
136 145
103 116
126 108
142 122
127 112
103 144
116 138
130 112
100 20
134 115
127 114
140 137
142 117
117 147
148 150
121 120
120 128
143 122
113 129
138 122
147 109
132 111
124 114
129 136

100 7 4
94 80
106 95
127 121
99 116
96 127
132 91
125 110
103 117
129 115
96 111
95 91
123 108
110 122
127 81
110 118
123 91
117 89
111 128
103 121
108 97
126 115
131 93
114 91
95 122
91 87
109 106
124 120
128 116
90 108
124 93
110 82
87 78
119 95
89 87
120 84
100 117
111 128
114 123
119 128
94 112
135 118
129 106
117 121
123 88
130 92
90 112
126 111
88 123
99 82
94 82
118 101
104 98
120 113
114 87
107 116
93 90
128 82
95 115
124 85
122 90
107 113
91 101
115 102
89 108
92 110
124 126
83 75
123 106
137 112
96 79
96 85
110 113
107 79
121 80
108 124
131 117
114 90
114 93
115 104
119 127
115 116
92 126
127 88
108 86
90 88
90 91
110 87
108 84
118 96
128 96
96 84
111 111
129 114
127 81
128 128
88 112
99 90
97 100
119 92
88 116

100 4 7
88 123
128 119
115 126
127 96
93 124
112 94
97 108
91 114
80 94
108 123
91 123
98 104
106 109
92 119
113 107
116 107
82 110
116 115
95 119
110 92
82 94
116 99
122 95
85 96
106 129
121 117
128 111
96 118
117 100
122 110
126 92
89 117
108 89
87 114
79 96
115 129
78 87
96 128
86 108
88 90
115 95
112 90
106 123
111 96
81 127
118 110
121 127
111 111
95 106
101 118
121 103
87 89
85 124
113 110
80 121
91 95
113 120
128 128
124 108
117 131
128 111
112 137
116 88
127 119
110 125
87 91
79 107
82 99
116 128
88 127
90 93
84 96
91 132
81 127
100 97
108 90
123 114
92 130
104 115
90 122
112 88
101 91
111 126
93 114
82 128
84 120
118 135
90 114
84 108
114 129
93 131
75 83
126 124
120 124
90 99
102 115
91 90
123 88
87 110
117 103

100 3 4
65 104
111 127
70 98
108 127
96 113
65 119
94 90
92 87
91 80
83 88
64 82
67 107
87 87
93 80
71 129
106 100
105 114
88 111
71 98
109 125
67 119
97 124
100 89
75 100
113 106
65 109
94 116
99 117
70 129
81 85
87 120
94 85
102 125
70 105
68 95
75 89
113 98
82 116
103 98
107 106
107 102
63 79
84 96
81 111
90 98
97 92
87 111
102 119
69 126
67 89
88 124
76 122
91 104
92 97
71 84
74 88
89 85
69 112
76 89
94 104
101 97
97 96
68 88
111 124
84 90
95 115
107 117
81 100
91 114
75 83
97 98
111 99
79 115
98 109
89 115
69 88
88 81
98 105
108 129
112 124
81 85
62 77
71 101
79 117
76 82
102 116
104 113
87 124
112 93
98 109
89 111
67 96
104 97
85 129
66 105
111 112
67 104
87 102
99 83
110 122

100 4 3
119 67
85 89
117 79
119 65
100 81
89 75
90 84
89 67
100 75
98 97
111 89
98 113
127 108
120 87
115 79
109 65
100 106
101 71
88 83
88 69
104 65
99 111
111 88
129 85
81 88
87 87
88 74
127 111
124 97
117 99
90 94
84 71
124 111
83 75
124 87
102 107
79 63
109 98
122 110
112 69
105 98
113 104
85 81
125 102
95 68
98 71
115 95
93 112
125 109
104 91
107 67
85 81
89 76
98 70
80 91
98 103
88 68
96 67
87 92
109 98
89 100
83 99
97 104
97 92
85 94
98 90
102 87
114 91
112 111
117 107
82 64
129 70
105 66
111 81
124 112
116 102
129 108
106 113
122 76
80 93
106 107
126 69
92 97
114 105
116 94
115 89
96 97
119 102
116 82
77 62
111 87
104 67
105 70
97 101
104 94
124 88
129 71
82 76
113 96
96 84

100 4 6
45 43
20 33
24 48
33 40
37 43
50 60
36 40
24 83
40 51
45 45
63 57
69 35
27 56
44 43
50 46
28 68
43 81
18 32
25 67
35 47
64 65
59 81
28 47
25 71
23 39
23 73
68 41
46 34
37 79
44 66
28 37
68 39
63 42
43 81
42 74
47 57
21 61
62 49
55 72
55 66
43 46
60 69
62 60
57 34
30 70
33 43
64 36
60 53
60 46
60 65
39 56
40 66
22 48
62 53
21 78
32 47
59 34
65 35
27 64
49 48
42 78
51 41
46 83
40 43
39 36
67 69
29 71
43 48
62 71
68 49
26 68
39 35
50 57
58 61
33 68
36 64
60 76
30 36
25 50
58 43
47 63
27 44
70 61
68 68
54 80
50 64
66 66
33 70
32 75
45 73
31 43
44 70
41 80
60 64
61 44
40 51
23 72
67 53
59 79
31 54

100 6 4
80 54
56 27
70 33
73 23
71 25
75 32
41 51
60 50
49 68
49 62
40 36
73 45
81 43
79 37
57 63
48 24
78 42
70 30
43 45
45 45
66 44
51 40
57 47
48 43
60 62
35 39
42 63
43 31
53 60
43 58
63 47
57 50
81 59
64 60
39 68
43 33
68 28
65 64
56 39
66 40
61 70
66 55
67 25
46 60
76 60
78 21
51 40
43 44
71 29
47 32
69 60
81 43
35 69
35 65
80 41
68 26
34 57
68 68
64 36
61 21
83 24
54 31
61 58
72 23
53 67
46 43
40 33
83 46
72 55
34 46
32 18
44 27
48 22
71 62
53 62
36 30
69 67
79 59
43 40
65 60
64 27
41 68
36 64
36 39
50 25
70 44
66 66
47 35
44 61
39 23
37 28
48 49
47 28
68 33
33 20
43 37
34 59
74 42
64 50
46 50

100 5 4
59 112
30 101
74 111
77 100
56 120
65 115
37 105
52 98
51 107
35 98
63 91
34 94
61 112
51 109
30 125
53 130
48 106
31 111
51 104
78 110
66 103
64 106
36 109
31 88
44 100
42 109
58 99
56 113
63 121
68 113
33 90
47 93
48 119
31 98
46 131
37 106
74 107
55 120
45 118
71 100
53 108
60 129
32 121
47 102
57 123
73 103
48 135
76 110
75 90
40 94
63 121
65 125
72 90
56 129
69 109
51 133
37 99
51 86
73 132
78 109
51 103
72 127
49 114
70 97
73 130
29 85
66 118
40 133
48 123
37 118
63 113
33 87
63 89
45 135
43 87
62 98
31 114
55 95
74 134
74 134
59 130
45 116
60 102
47 135
49 126
34 87
26 84
52 106
51 128
36 134
34 109
77 109
79 112
44 133
36 111
55 97
56 101
76 133
71 89
43 113

100 4 5
106 64
121 63
109 42
87 43
118 45
100 77
130 53
134 74
93 47
88 31
106 52
87 34
89 63
111 36
123 57
111 31
99 58
109 34
130 59
109 51
118 37
129 60
84 26
127 72
87 33
98 31
98 62
98 52
90 72
109 77
129 56
108 53
121 32
128 51
118 66
114 49
113 43
125 30
97 55
99 37
114 31
102 60
120 56
120 55
134 36
135 45
132 73
90 33
100 71
110 78
104 51
94 40
95 55
106 48
135 48
112 61
101 30
98 35
103 73
131 46
100 44
112 59
119 48
123 48
107 74
111 74
112 79
94 34
86 51
130 73
134 74
90 75
110 76
113 68
126 49
106 37
133 51
125 65
103 66
116 45
109 69
85 29
103 51
105 37
133 40
121 63
101 56
97 70
109 36
133 76
102 47
89 71
107 51
91 63
115 65
133 44
135 47
109 78
113 56
113 63
