20

100 6 7
1048 1014
1013 1029
1035 1032
1002 1016
1000 27
1010 1009
1009 1019
1027 1016
1049 1037
1044 1010
1042 1024
1050 1039
1039 1035
1024 1015
1031 1010
1009 1048
1048 1035
1009 1014
1027 1009
1013 1014
1003 1047
1006 1046
1021 1006
1020 1021
1043 1032
1008 1018
1024 1047
1045 1025
1018 1004
1043 1029
1048 1012
1019 1009
1049 1008
10 20
1028 1021
1002 1039
1010 1038
1016 1024
1030 1018
1028 1034
1005 1012
1039 1049
1013 1044
1035 1038
1003 1019
1031 1050
1012 1032
1021 1002
1033 1008
1036 1035
1024 1042
1036 1015
1042 1007
1015 1014
1005 1038
1037 1033
1022 1040
1006 1021
1042 1016
1005 1010
1032 1005
1036 1050
1001 1009
1002 1045
1008 1013
1043 1042
1038 1035
1034 1008
1019 1004
1046 1049
1006 1007
1030 1006
1011 1042
15 1000
1024 1024
1022 1008
1014 1023
1041 1047
1025 1041
1026 1046
1003 1003
1027 1007
1036 1040
1002 1049
1046 1044
1023 1049
1038 1013
1011 1046
1044 1050
1029 1036
1020 1015
1047 1036
1009 1012
1027 1034
1017 1029
1015 1023
1034 1043
1005 1009
1012 1012
1036 1012

100 7 6
1018 1030
1015 1036
1010 1031
1032 1035
1044 1013
1014 1009
1049 1002
1037 1049
1008 1033
1004 1018
1038 1005
1023 1014
1040 1022
1024 1016
1038 1010
1029 1017
1049 1039
1024 1024
1014 1013
1035 1038
1035 1048
1008 1049
1008 1034
1032 1043
1049 1046
1002 1021
1012 1012
1042 1043
20 10
1014 1015
1050 1031
1019 1003
1005 1032
1036 1029
1012 1036
1012 1048
1016 1042
1042 1011
1013 1038
1007 1042
1021 1028
1025 1045
1010 1044
1015 1024
1047 1024
1046 1006
1007 1006
1040 1036
27 1000
1050 1036
1013 1008
1019 1009
1039 1002
1009 1001
1045 1002
1035 1036
1000 15
1009 1019
1004 1019
1009 1005
1034 1027
1043 1034
1046 1026
1024 1042
1021 1006
1047 1041
1006 1030
1023 1015
1042 1024
1012 1009
1016 1002
1050 1044
1018 1008
1033 1037
1009 1027
1007 1027
1047 1003
1008 1022
1010 1005
1048 1009
1044 1046
1046 1011
1012 1005
1029 1013
1036 1047
1016 1027
1038 1035
1015 1020
1035 1039
1041 1025
1029 1043
1039 1050
1034 1028
1003 1003
1006 1021
1014 1048
1049 1023
1032 1012
1009 1010
1021 1020

100 7 4
52 23
83 25
51 25
83 40
52 27
87 58
61 23
66 31
85 45
47 39
87 38
66 45
47 52
65 62
61 43
82 21
61 35
71 59
46 43
63 48
85 51
47 45
69 52
61 50
39 48
50 48
39 25
52 52
88 56
51 35
41 36
45 66
61 63
45 40
54 28
70 60
65 40
30 12
85 25
61 54
54 38
54 24
74 22
51 35
64 59
38 17
64 35
54 38
74 48
52 25
72 62
55 34
66 25
81 23
50 26
53 40
71 33
40 50
74 50
70 46
72 53
42 33
88 26
85 33
80 55
43 51
56 22
43 53
69 67
69 44
40 44
70 26
58 41
78 54
81 51
43 19
55 33
54 36
88 29
67 57
37 16
84 41
47 43
58 67
64 37
62 31
43 31
63 56
46 20
87 44
76 33
49 30
45 61
55 20
41 48
75 61
51 38
64 26
65 35
50 56

100 4 7
50 40
12 30
48 63
45 66
35 51
52 69
25 39
50 61
25 52
51 43
26 70
44 87
35 51
62 65
48 74
20 46
48 50
29 88
56 50
17 38
16 37
20 55
35 65
33 42
33 71
26 50
33 76
38 54
36 54
21 82
43 61
56 63
45 85
24 54
61 45
53 72
48 41
23 61
25 66
35 61
26 88
41 84
39 47
67 69
67 58
61 75
31 62
31 66
53 43
34 55
35 64
38 54
25 85
62 72
19 43
25 51
44 40
33 55
59 71
50 74
63 61
66 45
45 47
51 85
22 74
52 52
52 47
55 80
60 70
38 87
40 83
44 69
26 64
25 83
38 51
30 49
33 85
31 43
54 61
40 45
23 81
23 52
54 78
40 65
36 41
57 67
48 39
46 70
22 56
43 46
37 64
43 47
28 54
40 53
27 52
58 87
56 88
59 64
51 81
41 58

1 2 3
10 20

1 3 2
20 10

100 5 7
49 50
24 29
45 55
25 28
53 40
37 27
17 18
61 31
42 22
25 53
18 34
63 52
57 45
56 55
52 29
19 35
22 25
47 34
19 39
43 34
44 46
36 59
59 27
18 66
66 68
28 64
40 58
18 50
39 41
63 64
56 39
50 36
63 38
21 24
41 51
28 45
47 67
42 38
61 43
36 68
26 65
44 63
42 62
65 36
65 41
66 58
52 46
24 43
42 57
49 28
15 16
43 22
62 29
36 65
50 21
45 62
32 38
58 25
58 46
44 62
51 68
10 20
54 31
61 32
32 21
60 28
31 40
53 60
48 34
66 64
38 22
29 64
46 51
22 46
56 40
18 40
58 60
35 31
38 44
52 49
32 43
42 25
60 27
19 36
24 63
60 28
41 44
59 58
25 56
36 70
36 59
65 48
25 41
38 24
39 69
29 43
26 45
28 32
30 61
31 49

100 7 5
62 45
16 15
38 63
32 61
49 52
20 10
43 32
63 24
22 38
36 19
58 66
49 31
34 47
53 25
31 54
55 56
28 60
64 29
34 43
56 25
64 66
21 50
62 42
35 19
46 44
66 18
59 36
51 46
64 63
22 42
31 61
62 44
46 22
34 48
44 38
40 18
40 56
25 58
51 41
28 60
27 37
38 32
46 52
68 66
70 36
18 17
60 58
44 41
41 39
60 53
58 40
40 53
45 28
68 36
68 51
64 28
57 42
31 35
34 18
48 65
45 57
69 39
38 42
21 32
25 42
29 52
61 30
27 59
41 25
27 60
36 50
43 29
43 61
52 63
28 25
50 18
46 58
50 49
55 45
24 21
39 19
58 59
63 44
24 38
29 24
65 36
41 65
36 65
59 36
39 56
32 28
67 47
65 26
40 31
25 22
45 26
28 49
29 62
43 24
22 43

100 3 6
53 53
26 28
52 35
30 30
51 25
43 42
31 35
65 41
61 50
56 43
23 30
29 50
21 38
48 29
47 54
29 58
36 61
61 70
58 63
30 29
28 24
35 61
52 24
19 54
13 20
55 43
24 39
40 24
61 52
47 28
21 44
30 48
10 12
29 67
25 41
44 59
49 43
61 54
38 50
32 21
60 40
20 53
62 65
32 66
33 33
65 34
38 41
58 44
44 49
30 63
8 9
65 65
59 32
30 67
24 28
66 29
54 22
62 63
53 43
16 11
25 45
26 68
49 31
37 61
36 61
62 65
21 60
20 61
37 24
46 55
45 38
38 34
17 36
43 39
58 49
17 30
32 37
43 41
34 47
45 51
52 62
50 61
33 65
45 39
60 43
40 29
56 69
39 54
27 63
39 58
19 31
42 60
50 67
45 30
39 32
59 33
39 38
23 55
37 37
29 56

100 6 3
53 20
41 43
24 40
32 39
29 40
29 66
58 39
24 28
49 44
21 32
34 38
41 25
43 49
11 16
68 26
55 23
50 38
63 58
28 26
60 42
32 59
35 31
37 32
29 48
59 44
53 53
61 20
39 45
65 62
61 36
42 43
51 45
50 29
54 39
30 45
30 17
37 37
54 61
41 65
47 34
54 47
30 30
52 61
31 49
35 52
61 37
33 33
69 56
30 23
29 30
43 60
67 29
20 13
43 56
28 24
61 36
41 38
34 65
55 46
44 21
70 61
50 61
40 60
63 27
61 50
33 59
48 30
44 58
38 21
63 30
39 43
31 19
54 19
45 25
12 10
56 29
63 62
65 65
67 30
9 8
39 24
38 45
58 29
36 17
65 62
22 54
38 39
25 51
28 47
60 21
61 35
65 33
43 55
62 52
49 58
24 37
66 32
43 53
24 52
67 50

100 4 6
1000000 1000000
1000000 1000000
1000000 1000000
5 3
1000000 1000000
1000000 1000000
1000000 1000000
1000000 1000000
1000000 1000000
1000000 1000000
1000000 1000000
1000000 1000000
1000000 1000000
1000000 1000000
1000000 1000000
1000000 1000000
1000000 1000000
1000000 1000000
1000000 1000000
1000000 1000000
6 5
1000000 1000000
1000000 1000000
1000000 1000000
1000000 1000000
1000000 1000000
1000000 1000000
1000000 1000000
1000000 1000000
1000000 1000000
1000000 1000000
1000000 1000000
1000000 1000000
1000000 1000000
1000000 1000000
1000000 1000000
1000000 1000000
1000000 1000000
1000000 1000000
1000000 1000000
1000000 1000000
1000000 1000000
1000000 1000000
1000000 1000000
1000000 1000000
1000000 1000000
1000000 1000000
1000000 1000000
1000000 1000000
1000000 1000000
1000000 1000000
1000000 1000000
1000000 1000000
1000000 1000000
1000000 1000000
1000000 1000000
1000000 1000000
1000000 1000000
1000000 1000000
7 12
1000000 1000000
1000000 1000000
1000000 1000000
1000000 1000000
1000000 1000000
1000000 1000000
1000000 1000000
1000000 1000000
1000000 1000000
1000000 1000000
1000000 1000000
1000000 1000000
1000000 1000000
1000000 1000000
1000000 1000000
1000000 1000000
1000000 1000000
1000000 1000000
1000000 1000000
1000000 1000000
1000000 1000000
1000000 1000000
1000000 1000000
1000000 1000000
1000000 1000000
1000000 1000000
1000000 1000000
1000000 1000000
1000000 1000000
1000000 1000000
1000000 1000000
1000000 1000000
1000000 1000000
1000000 1000000
1000000 1000000
1000000 1000000
1000000 1000000
1000000 1000000
1000000 1000000
1000000 1000000

100 6 4
1000000 1000000
1000000 1000000
1000000 1000000
1000000 1000000
1000000 1000000
1000000 1000000
1000000 1000000
1000000 1000000
1000000 1000000
1000000 1000000
1000000 1000000
1000000 1000000
1000000 1000000
1000000 1000000
1000000 1000000
1000000 1000000
1000000 1000000
1000000 1000000
1000000 1000000
1000000 1000000
1000000 1000000
5 6
1000000 1000000
1000000 1000000
1000000 1000000
1000000 1000000
1000000 1000000
1000000 1000000
1000000 1000000
1000000 1000000
1000000 1000000
1000000 1000000
1000000 1000000
1000000 1000000
1000000 1000000
1000000 1000000
1000000 1000000
3 5
1000000 1000000
1000000 1000000
1000000 1000000
1000000 1000000
1000000 1000000
1000000 1000000
1000000 1000000
1000000 1000000
1000000 1000000
1000000 1000000
1000000 1000000
1000000 1000000
1000000 1000000
1000000 1000000
1000000 1000000
1000000 1000000
1000000 1000000
1000000 1000000
1000000 1000000
1000000 1000000
1000000 1000000
1000000 1000000
1000000 1000000
1000000 1000000
1000000 1000000
1000000 1000000
1000000 1000000
1000000 1000000
1000000 1000000
1000000 1000000
1000000 1000000
1000000 1000000
1000000 1000000
1000000 1000000
1000000 1000000
12 7
1000000 1000000
1000000 1000000
1000000 1000000
1000000 1000000
1000000 1000000
1000000 1000000
1000000 1000000
1000000 1000000
1000000 1000000
1000000 1000000
1000000 1000000
1000000 1000000
1000000 1000000
1000000 1000000
1000000 1000000
1000000 1000000
1000000 1000000
1000000 1000000
1000000 1000000
1000000 1000000
1000000 1000000
1000000 1000000
1000000 1000000
1000000 1000000
1000000 1000000
1000000 1000000

100 3 5
1038 1044
1050 1011
1011 1036
1041 1019
1045 1029
1033 1042
1002 1027
1037 1031
15 1000
1014 1037
1020 1050
1015 1020
1006 1033
1013 1008
1036 1048
1014 1028
1047 1039
1040 1028
1042 1021
1017 1045
1048 1025
1014 1032
1047 1021
1028 1019
1042 1013
1014 1035
1027 1039
1006 1041
1010 1020
1025 1017
1015 1017
1002 1025
1017 1041
1025 1043
1032 1005
1046 1050
1008 1039
1028 1035
1025 1044
1002 1008
1042 1042
1012 1037
1027 1017
1008 1011
1031 1039
1031 1013
1008 1027
1008 1029
1017 1014
1028 1046
1021 1030
1040 1004
1050 1025
1006 1014
1020 1008
1028 1013
1036 1002
1019 1009
11 20
1033 1041
1044 1008
1031 1046
1024 1028
14 21
1039 1023
1028 1002
1050 1023
1005 1001
1044 1041
1015 1028
1029 1009
1012 1040
1024 1035
1038 1002
1040 1015
1006 1022
1000 22
1035 1019
1034 1010
1027 1001
1018 1007
1019 1011
1037 1023
1042 1032
1014 1043
1040 1018
1041 1025
1045 1036
1024 1012
1026 1047
1027 1017
1018 1042
1028 1042
1025 1046
1006 1018
1019 1036
1033 1008
1046 1012
1013 1003
1047 1011

100 5 3
1019 1035
1025 1002
1003 1013
1011 1019
1018 1006
1035 1014
1046 1031
1001 1005
1039 1008
1041 1017
1011 1008
1005 1032
1022 1006
1010 1034
1015 1040
1039 1027
1042 1028
1033 1006
1036 1011
1008 1020
1035 1028
1008 1033
1032 1014
1013 1028
1002 1028
1009 1019
1001 1027
1008 1002
1019 1041
1039 1047
1025 1050
1048 1036
1014 1006
21 14
22 1000
1027 1002
1031 1037
1030 1021
1028 1040
1008 1013
1021 1047
1011 1050
1020 1015
1044 1025
1018 1040
1017 1027
1043 1025
1004 1040
1037 1014
1012 1046
20 11
1029 1008
1041 1044
1039 1031
1023 1039
1013 1031
1000 15
1042 1018
1029 1045
1013 1042
1023 1037
1027 1008
1002 1038
1017 1027
1017 1025
1019 1028
1021 1042
1012 1024
1036 1045
1028 1024
1041 1006
1025 1041
1023 1050
1042 1033
1040 1012
1050 1020
1014 1017
1008 1044
1041 1033
1025 1048
1017 1015
1036 1019
1032 1042
1046 1025
1007 1018
1047 1026
1020 1010
1037 1012
1002 1036
1028 1014
1046 1028
1042 1042
1044 1038
1043 1014
1050 1046
1045 1017
1011 1047
1028 1015
1035 1024
1009 1029

100 4 2
30 1019
64 1002
38 1003
14 1000
41 1027
21 1027
32 1012
26 1002
23 1033
49 1002
49 1027
34 1016
64 1031
55 1001
54 1028
15 1031
27 1005
48 1023
42 1032
49 1039
41 1020
26 1012
54 1030
44 1015
15 1028
15 1029
63 1046
17 1046
37 1010
10 10
46 1036
57 1016
45 1001
18 1050
17 1001
16 1039
17 1036
48 1042
47 1025
24 1017
60 1002
39 1031
22 1029
15 1016
62 1007
20 1033
36 1035
20 1024
36 1037
63 1007
64 1029
39 1027
60 1008
20 1031
55 1038
53 1015
62 1018
29 1015
27 1001
28 1007
51 1023
47 1048
49 1011
45 1028
35 1011
11 13
36 1049
57 1011
35 1048
54 1029
23 1009
50 1016
15 1019
62 1002
17 1042
29 1049
39 1038
18 1003
52 1036
20 1012
61 1008
34 1041
24 1047
25 1047
21 1041
30 1050
64 1043
28 1016
34 1005
35 1031
62 1034
59 1011
37 1030
41 1036
63 1022
35 1027
52 1039
44 1038
57 1045
25 1042

100 2 4
1037 36
1002 60
1022 63
1007 62
1047 25
1011 59
1007 63
1049 29
1015 53
1016 57
1018 62
1042 17
1027 35
1050 30
1031 39
1019 30
1016 28
1036 41
1047 24
1012 32
1023 48
1031 64
1011 49
1003 38
1039 16
1019 15
1031 15
1015 44
1015 29
1002 62
1000 14
1016 15
1050 18
1033 23
1038 44
1038 39
1029 64
1001 17
1034 62
1029 22
1031 20
1025 47
1041 34
1027 41
1024 20
1002 49
1046 17
1005 34
1010 37
1027 49
1008 61
1001 27
1036 17
1030 37
1009 23
1036 52
1048 47
1045 57
13 11
1043 64
1031 35
1029 15
1048 35
1041 21
1042 48
1007 28
1012 20
1017 24
1016 50
1001 45
1002 26
1001 55
1011 57
1028 54
10 10
1028 15
1039 52
1035 36
1008 60
1036 46
1005 27
1027 39
1016 34
1030 54
1002 64
1033 20
1049 36
1042 25
1038 55
1032 42
1003 18
1046 63
1027 21
1028 45
1020 41
1011 35
1039 49
1029 54
1023 51
1012 26

100 4 4
39 18
70 26
34 10
38 23
51 17
22 11
23 37
56 51
33 34
49 20
36 22
3 6
31 42
28 17
42 48
51 38
25 18
25 37
28 20
59 36
67 16
22 22
4 7
53 24
26 50
44 21
65 42
33 19
52 54
69 13
50 20
45 24
57 44
30 25
41 16
21 29
30 21
46 32
62 37
24 20
40 57
63 20
25 28
67 56
60 55
25 26
40 41
34 55
29 53
24 22
59 50
50 17
60 21
29 26
20 8
30 33
33 14
48 34
36 55
22 13
33 40
38 55
37 41
27 51
53 20
40 22
60 56
56 21
65 29
50 20
70 51
35 44
27 27
68 10
67 48
69 22
32 37
25 24
66 30
21 12
61 35
63 40
34 32
51 31
51 56
51 30
29 15
67 28
52 44
66 50
62 14
46 24
69 57
53 14
50 42
48 52
23 49
57 22
52 28
68 45

100 4 4
37 25
29 65
22 24
24 25
23 38
22 40
44 35
20 63
22 57
24 45
44 52
20 53
40 63
33 30
20 49
26 70
37 23
21 44
32 46
24 53
56 60
7 4
14 33
16 41
22 69
50 66
50 26
57 69
15 29
31 51
42 65
17 51
30 51
56 67
54 52
51 70
19 33
12 21
20 50
35 61
38 51
18 39
48 42
28 52
14 62
53 29
34 33
17 50
8 20
20 50
36 59
55 34
18 25
40 33
34 48
37 62
21 56
10 68
55 36
26 25
22 36
32 34
52 48
49 23
42 50
41 37
28 25
51 27
51 56
48 67
14 53
11 22
37 32
21 30
57 40
6 3
29 21
55 60
55 38
27 27
24 46
10 34
17 28
42 31
41 40
56 51
13 22
20 28
25 30
21 60
44 57
50 59
26 29
30 66
45 68
16 67
28 67
20 24
13 69
22 22

100 6 6
102 86
110 79
111 85
72 54
83 75
83 58
66 65
63 72
97 101
62 83
98 77
98 103
101 55
72 86
95 98
82 72
91 91
99 56
61 51
100 98
93 63
76 97
102 91
70 78
110 95
109 94
65 93
75 55
53 53
80 69
71 66
70 69
98 68
86 58
67 67
68 81
83 93
85 85
78 75
100 85
102 82
87 94
109 70
104 81
96 93
69 80
104 97
72 83
82 80
89 102
103 82
88 70
86 73
107 96
95 62
74 88
64 70
64 56
93 68
87 68
96 68
83 87
73 56
70 70
103 61
85 57
69 58
75 80
68 62
97 101
69 88
93 100
107 80
73 93
99 58
92 55
97 78
41 37
88 69
70 91
103 76
88 100
70 95
77 100
109 86
81 64
90 103
101 67
85 62
100 80
99 92
66 58
97 91
94 103
93 83
107 88
64 96
69 56
70 62
110 70

100 6 6
80 100
85 100
72 82
86 102
55 101
83 62
80 69
58 86
93 83
62 70
68 96
68 93
56 69
61 103
92 99
70 110
58 83
68 87
58 69
103 94
54 72
91 97
94 109
58 99
100 88
101 97
75 78
56 73
81 68
93 65
37 41
95 110
80 82
96 107
100 93
72 63
93 73
62 85
57 85
100 77
88 107
101 97
75 83
91 91
83 72
83 93
69 88
87 83
55 75
62 95
91 102
85 111
78 70
68 98
66 71
97 76
96 64
80 107
67 67
64 81
86 109
69 70
73 86
95 70
98 100
51 61
53 53
76 103
80 75
103 90
78 97
69 80
103 98
86 72
62 68
77 98
56 99
98 95
82 102
70 70
94 87
88 74
85 85
81 104
102 89
67 101
97 104
70 88
70 109
82 103
56 64
55 92
93 96
88 69
70 64
91 70
79 110
58 66
63 93
65 66
