20

100 7 7
1050 66
1018 72
1005 75
1011 74
1008 75
1035 94
1048 65
1025 92
1025 73
1000 46
1025 54
1046 70
1002 92
1043 78
1028 75
1014 92
1014 54
1037 51
1004 84
1004 49
1019 53
1008 81
1014 54
1047 71
1039 56
1021 67
1010 64
1044 71
1006 86
1009 93
1002 84
1022 84
1013 77
1045 60
1029 85
1042 95
1025 67
1042 85
1034 91
1019 84
16 38
1018 82
1002 91
1011 87
1025 73
1014 50
1047 55
1011 81
1017 64
1046 63
1049 55
1035 88
1024 67
1021 78
1021 77
1030 92
1005 91
1050 82
1022 95
1032 73
1031 49
1028 61
1018 48
20 45
1010 95
1045 88
1024 55
1002 58
1005 81
1006 66
1041 51
1044 55
1001 52
1024 76
1010 95
1026 60
1032 84
1001 57
1022 74
1035 86
1002 83
1033 74
1035 62
1045 64
1028 72
1005 85
1039 57
1032 91
1043 59
1022 84
1005 67
1007 64
1049 72
1034 50
1031 63
1047 71
1003 68
1021 88
1028 58
1046 50

100 7 7
71 170
60 94
134 169
63 116
117 95
48 118
58 116
56 164
37 120
67 113
85 128
117 160
113 93
55 132
110 131
50 124
93 149
32 68
131 135
67 109
97 95
90 130
116 139
84 123
71 72
38 169
128 153
82 122
40 115
111 81
125 140
62 107
112 169
72 170
42 131
92 79
62 92
67 86
106 114
101 170
112 115
46 157
93 96
50 145
134 151
129 87
82 157
86 106
67 72
61 123
50 94
95 99
66 118
46 83
55 109
63 129
60 157
109 133
53 139
100 154
109 95
42 129
72 136
63 143
62 158
130 135
37 148
97 72
67 151
97 142
63 130
98 110
114 102
74 159
54 117
126 86
88 83
83 157
113 149
41 142
61 133
62 155
99 95
51 112
115 166
34 69
69 170
115 81
81 97
54 110
110 78
111 94
104 145
115 142
95 75
35 70
112 160
98 98
75 119
78 138

100 7 7
129 63
97 81
95 99
102 114
94 111
135 130
95 117
170 69
145 50
164 56
148 37
109 55
109 67
81 115
154 100
120 37
107 62
169 134
142 41
142 115
139 53
116 58
133 61
128 85
170 101
123 61
118 66
151 67
166 115
136 72
69 34
110 54
157 60
135 131
75 95
143 63
81 111
139 116
170 71
123 84
131 42
140 125
83 46
95 97
98 98
72 71
130 90
132 55
72 97
160 112
99 95
118 48
96 93
86 126
169 38
160 117
94 60
116 63
155 62
115 40
124 50
138 78
112 51
157 46
170 72
149 93
87 129
145 104
131 110
158 62
95 109
70 35
94 50
129 42
117 54
106 86
114 106
115 112
153 128
72 67
149 113
93 113
86 67
159 74
110 98
79 92
68 32
119 75
83 88
151 134
133 109
78 110
113 67
122 82
92 62
169 112
130 63
157 83
157 82
142 97

100 7 7
61 53
111 41
132 93
109 17
147 19
84 85
115 13
117 52
96 13
87 82
77 8
152 95
52 6
113 51
128 73
140 14
136 91
141 42
148 66
77 55
95 101
108 90
148 84
105 8
70 86
104 57
145 98
104 27
63 33
95 64
143 26
74 84
56 67
134 88
126 77
109 75
128 33
148 79
53 7
70 29
92 82
138 50
62 78
148 44
70 58
152 82
119 51
63 63
111 66
142 59
62 25
121 32
64 62
58 20
147 68
135 65
141 64
153 76
99 62
66 86
72 57
128 104
79 73
55 99
119 36
126 55
87 69
57 80
69 28
108 24
115 73
68 82
65 94
100 84
137 69
65 26
150 94
153 46
51 3
103 16
148 90
77 60
104 15
124 9
124 92
126 30
97 20
145 35
118 72
66 43
142 11
102 107
76 60
152 91
77 107
106 56
102 28
63 74
104 73
134 71

100 7 7
27 104
30 126
73 104
76 153
55 126
82 92
86 70
82 87
44 148
86 66
84 100
33 63
67 56
20 97
80 57
92 124
94 150
91 136
11 142
95 152
6 52
32 121
57 72
19 147
13 96
90 148
79 148
3 51
50 138
26 65
66 148
36 119
64 141
33 128
16 103
59 142
52 117
82 68
101 95
84 74
28 69
46 153
60 76
41 111
66 111
53 61
63 63
73 79
60 77
78 62
42 141
17 109
75 109
73 115
94 65
65 135
99 55
73 128
71 134
69 137
84 148
55 77
98 145
20 58
57 104
7 53
90 108
85 84
107 77
43 66
28 102
58 70
29 70
107 102
68 147
13 115
9 124
8 105
26 143
62 99
15 104
74 63
64 95
62 64
25 62
14 140
88 134
69 87
77 126
56 106
82 152
93 132
72 118
51 113
91 152
8 77
104 128
24 108
35 145
51 119

100 7 7
100 71
111 108
90 63
131 16
117 79
68 38
121 14
79 44
105 100
77 76
79 50
107 110
70 59
154 59
132 32
70 69
119 68
126 39
154 35
133 20
135 54
90 22
104 48
160 15
137 28
104 50
164 17
141 77
131 13
151 38
66 87
110 98
77 53
64 10
165 89
118 57
87 32
118 23
76 82
148 22
152 64
136 76
74 64
122 36
158 60
125 59
71 18
90 91
130 91
128 69
159 41
127 27
135 32
73 75
75 86
146 66
137 41
63 7
105 74
133 37
119 84
148 64
156 66
93 12
137 103
149 40
150 12
108 70
80 110
145 108
146 101
113 71
82 97
157 63
153 82
94 72
109 101
126 34
143 78
126 35
154 40
143 89
150 55
99 88
84 40
120 52
65 11
159 103
153 107
88 61
102 55
122 67
67 55
103 101
116 18
127 61
114 70
145 63
115 42
99 72

100 7 7
64 148
7 63
60 158
84 119
108 145
67 122
17 164
101 146
44 79
20 133
41 159
40 84
107 153
11 65
68 119
32 132
53 77
79 117
16 131
86 75
50 104
110 107
59 70
55 67
64 74
76 77
59 125
71 100
42 115
52 120
36 122
103 137
110 80
66 146
82 76
34 126
35 126
61 127
37 133
103 159
57 118
55 150
77 141
13 131
18 71
100 105
71 113
38 68
66 156
40 149
40 154
101 103
88 99
61 88
32 135
18 116
89 143
63 157
91 130
70 108
12 93
75 73
48 104
78 143
98 110
50 79
39 126
64 152
74 105
101 109
12 150
63 145
22 148
76 136
72 94
89 165
72 99
87 66
54 135
35 154
10 64
23 118
27 127
69 128
97 82
28 137
55 102
69 70
32 87
70 114
63 90
108 111
41 137
82 153
59 154
15 160
38 151
14 121
22 90
91 90

100 7 7
144 113
194 96
153 38
157 35
115 57
110 58
176 102
153 118
194 61
125 114
113 65
112 102
148 66
198 70
101 108
156 61
161 91
115 75
198 38
118 71
114 54
189 119
145 81
114 106
170 109
192 54
134 108
141 78
138 60
101 122
164 50
150 105
112 104
198 77
193 102
140 58
103 42
158 103
142 120
126 43
149 40
99 98
136 86
149 118
177 119
184 32
108 59
118 44
196 99
190 63
97 26
110 85
155 51
126 89
113 45
196 94
126 117
123 30
113 88
184 104
160 46
120 32
106 33
104 52
180 65
159 62
110 103
177 74
115 106
172 98
174 63
99 68
177 52
158 55
120 107
118 30
119 81
172 75
159 40
145 114
135 74
131 124
124 89
95 23
107 120
105 61
129 90
101 124
161 102
98 27
112 75
190 110
114 59
163 97
103 108
156 88
118 84
108 35
110 119
174 40

100 7 7
32 120
60 138
94 196
74 135
62 159
35 157
102 161
108 134
108 101
54 192
85 110
106 115
52 177
89 126
88 156
113 144
40 174
106 114
122 101
68 99
35 108
33 106
124 101
59 114
63 190
75 115
38 198
88 113
52 104
50 164
61 105
32 184
30 123
78 141
70 198
71 118
81 119
114 125
38 153
54 114
65 113
58 140
104 112
110 190
75 112
98 99
42 103
58 110
23 95
119 110
120 107
98 172
103 158
40 159
51 155
63 174
117 126
120 142
96 194
66 148
108 103
97 163
102 193
104 184
59 108
102 176
77 198
118 149
124 131
118 153
43 126
86 136
107 120
55 158
99 196
90 129
114 145
91 161
46 160
61 156
40 149
26 97
119 177
74 177
57 115
103 110
65 180
89 124
75 172
30 118
45 113
109 170
102 112
44 118
119 189
27 98
61 194
105 150
84 118
81 145

100 7 7
34 97
78 174
69 179
20 115
42 166
21 113
8 92
102 192
42 128
91 141
101 172
59 170
6 91
39 166
54 163
102 182
74 183
101 99
55 127
92 108
89 119
30 172
12 108
54 158
41 109
93 163
70 150
102 119
100 116
73 154
83 127
22 107
63 157
50 119
69 116
30 127
48 100
85 107
16 184
86 142
50 152
53 148
91 134
67 188
84 141
68 133
17 145
88 150
77 159
29 161
81 185
17 117
92 183
38 129
57 146
70 127
50 126
77 155
80 165
33 180
27 101
43 115
75 170
107 152
24 152
66 100
96 140
10 120
107 141
45 98
68 134
89 174
51 111
52 123
40 140
51 173
77 102
57 189
17 130
58 124
40 167
67 145
11 122
92 104
20 189
95 189
9 93
12 126
83 107
33 135
60 115
48 182
73 180
57 112
70 101
107 133
79 103
34 146
80 186
41 176

100 7 7
116 100
123 52
127 83
154 73
146 34
172 101
163 54
182 48
161 29
126 50
145 67
189 20
91 6
180 73
140 40
159 77
135 33
184 16
124 58
170 59
130 17
150 88
152 107
133 68
107 85
102 77
101 70
167 40
115 60
145 17
157 63
93 9
119 89
92 8
182 102
141 107
150 70
127 30
111 51
166 39
180 33
133 107
115 43
120 10
107 22
148 53
186 80
107 83
134 68
152 50
179 69
141 84
108 92
104 92
146 57
97 34
152 24
140 96
101 27
122 11
163 93
127 55
188 67
119 102
129 38
99 101
128 42
192 102
158 54
117 17
119 50
103 79
183 74
189 57
165 80
112 57
155 77
115 20
98 45
126 12
172 30
166 42
134 91
116 69
185 81
174 78
176 41
170 75
174 89
142 86
100 66
189 95
108 12
183 92
173 51
100 48
113 21
127 70
109 41
141 91

100 7 7
85 127
148 112
130 32
88 84
165 113
82 26
130 90
181 113
90 127
180 76
133 81
133 104
179 86
168 70
85 48
114 34
152 78
129 120
119 36
134 69
132 121
131 57
146 113
123 70
156 116
108 105
169 65
83 27
96 34
91 46
120 67
176 116
128 41
170 72
173 39
140 39
171 93
128 57
177 111
159 93
174 42
167 119
162 119
103 41
108 110
122 47
175 73
126 97
94 52
181 43
123 57
112 33
86 122
136 123
92 36
129 114
131 101
126 125
178 91
102 111
97 104
123 89
134 78
167 79
181 113
121 58
123 117
164 56
90 71
105 91
81 23
173 88
172 73
151 105
109 40
85 62
150 77
118 43
119 49
113 32
126 118
145 42
160 70
158 42
107 78
138 42
105 97
159 106
168 83
142 71
165 86
94 78
136 64
174 74
124 115
152 39
181 93
122 42
129 74
179 58

100 7 7
91 178
74 129
105 108
104 97
36 119
73 175
97 105
62 85
110 108
78 107
113 146
115 124
57 123
127 85
113 181
48 85
42 158
78 134
77 150
73 172
93 171
39 152
113 165
41 103
46 91
64 136
33 112
118 126
86 179
65 169
81 133
127 90
32 130
120 129
42 122
41 128
105 151
56 164
58 179
89 123
111 102
57 128
57 131
42 138
106 159
42 174
40 109
122 86
71 142
91 105
69 134
74 174
93 159
116 176
49 119
42 145
71 90
39 173
119 162
72 170
117 123
113 181
78 94
43 118
83 168
93 181
104 133
32 113
67 120
121 132
70 168
79 167
47 122
111 177
70 160
52 94
27 83
34 96
43 181
84 88
119 167
90 130
125 126
116 156
78 152
76 180
112 148
86 165
101 131
97 126
70 123
34 114
26 82
114 129
88 173
39 140
58 121
36 92
123 136
23 81

100 7 7
122 42
103 22
127 20
107 20
110 46
113 37
95 42
90 20
92 53
132 57
93 13
138 46
112 38
100 29
114 39
104 22
96 29
137 60
124 36
109 18
98 35
106 44
114 27
130 30
112 46
128 58
131 21
104 17
105 26
99 33
134 12
126 58
92 59
95 26
130 45
90 38
119 43
97 38
133 55
131 31
112 22
128 56
103 41
112 35
114 37
102 56
125 41
126 26
92 29
94 17
132 54
125 41
123 22
120 19
121 27
105 18
135 31
131 41
133 50
116 40
134 17
126 59
110 25
90 49
132 46
111 34
126 38
109 24
118 53
102 35
120 47
94 25
110 52
127 34
94 21
132 12
101 30
121 21
130 45
113 41
124 42
92 48
89 11
128 33
95 23
123 31
104 46
119 34
105 40
122 23
121 61
131 29
103 51
129 22
136 45
133 18
88 7
95 58
99 33
92 31

100 7 7
109 28
95 6
126 21
112 44
144 45
107 42
102 26
143 39
129 38
137 35
92 4
103 42
129 9
131 48
114 52
118 44
99 7
128 39
119 25
133 8
110 25
132 50
130 39
99 42
131 44
123 35
121 26
100 39
143 32
140 18
107 16
145 22
107 39
133 28
112 16
101 12
108 8
126 39
124 51
108 21
142 31
110 31
113 53
116 42
102 9
96 47
130 50
140 15
103 39
122 24
143 42
121 48
102 15
102 28
101 9
97 49
127 35
99 24
143 26
131 50
145 56
125 46
127 51
106 49
107 23
139 54
109 46
133 27
129 21
115 28
104 53
124 31
144 47
114 17
103 41
114 39
105 30
118 52
142 20
124 29
110 10
116 55
114 40
133 40
115 42
131 37
137 36
112 27
136 32
112 37
101 23
122 52
135 28
135 20
131 28
97 29
138 14
122 17
136 23
111 20

100 7 7
23 107
49 97
30 105
36 137
39 100
44 118
39 103
21 108
20 111
26 143
20 135
51 124
28 131
35 127
40 114
25 119
48 131
46 125
24 122
6 95
26 121
25 110
23 101
35 123
14 138
46 109
53 113
21 129
50 131
42 99
31 124
39 126
47 96
32 136
8 108
10 110
29 97
42 143
53 104
52 114
50 132
4 92
29 124
55 116
16 112
16 107
39 143
28 115
42 103
17 114
12 101
39 114
28 109
39 128
48 121
42 116
41 103
7 99
28 135
42 107
47 144
9 101
22 145
27 112
51 127
40 133
9 102
31 142
31 110
52 118
45 144
17 122
37 131
23 136
39 130
28 102
8 133
39 107
27 133
42 115
52 122
38 129
32 143
56 145
26 102
9 129
21 126
54 139
18 140
49 106
37 112
15 102
35 137
28 133
44 131
20 142
15 140
44 112
50 130
24 99

100 7 7
85 101
79 84
93 119
112 91
96 89
85 77
85 78
125 106
94 112
80 90
102 79
112 82
79 87
100 107
104 83
81 74
117 104
122 116
90 103
92 102
119 111
105 105
125 80
87 81
93 103
89 108
99 108
85 107
79 88
113 119
77 121
123 110
88 102
114 75
80 95
105 90
116 86
103 82
109 98
111 88
90 105
124 119
91 122
97 92
87 115
120 122
98 111
86 92
87 116
72 71
105 118
104 112
113 104
100 122
105 112
90 76
81 98
105 122
99 117
101 94
88 101
79 110
77 91
85 96
111 104
101 88
78 83
115 112
113 96
113 103
114 92
87 94
79 92
79 116
95 111
118 105
89 96
97 102
117 119
115 85
114 82
108 101
77 78
120 99
77 99
78 75
108 103
87 93
104 104
118 92
117 79
93 95
90 80
119 104
78 99
125 110
76 73
111 83
115 111
92 115

100 7 7
92 86
104 119
105 105
108 89
96 85
77 85
95 80
116 87
116 79
92 118
104 104
122 100
115 92
102 92
92 79
119 124
103 113
88 79
82 112
75 114
107 100
101 85
103 90
94 101
110 79
73 76
79 102
104 113
101 108
111 115
112 104
111 95
83 111
71 72
90 80
92 114
90 105
122 120
105 90
115 87
110 125
102 88
92 97
98 81
81 87
86 116
122 105
96 89
88 111
103 108
101 88
112 94
91 77
119 113
99 120
88 101
111 98
119 93
122 91
112 115
80 125
74 81
95 93
82 114
78 85
111 119
84 79
107 85
93 87
104 117
118 105
112 105
87 79
117 99
94 87
91 112
116 122
78 77
121 77
99 78
104 111
102 97
119 117
106 125
110 123
83 78
80 90
79 117
75 78
82 103
83 104
96 113
98 109
103 93
85 115
76 90
89 96
99 77
108 99
105 118

100 7 7
97 51
73 13
94 39
96 16
107 24
97 19
71 16
65 43
105 45
92 33
98 27
71 33
79 37
72 6
89 33
109 20
65 53
91 47
67 19
76 43
94 27
62 19
84 55
77 23
77 42
102 7
77 30
73 6
85 34
101 38
110 36
91 40
87 22
94 43
64 24
66 52
87 21
71 43
107 38
87 54
87 38
110 7
100 13
70 44
72 33
64 8
108 13
93 31
105 43
91 52
87 14
70 50
107 6
73 42
63 15
66 25
74 8
74 39
56 2
63 38
80 55
79 16
94 6
90 25
98 28
110 49
84 46
72 46
66 41
84 53
93 24
98 41
88 33
99 38
72 25
94 16
103 28
73 12
110 20
62 50
73 10
70 17
70 47
92 43
103 46
108 31
107 55
81 8
74 44
101 45
75 39
85 50
109 14
63 22
96 38
97 37
88 26
85 10
74 21
60 5

100 7 7
8 64
28 98
33 71
46 103
39 94
45 105
17 70
50 70
24 93
33 72
7 102
19 62
31 93
13 73
43 65
42 77
22 63
46 84
39 75
43 76
19 97
26 88
21 87
38 87
34 85
40 91
6 107
55 80
16 96
33 92
31 108
53 84
6 94
33 88
50 85
44 74
49 110
44 70
46 72
22 87
16 94
45 101
50 62
20 109
24 64
20 110
6 72
43 94
5 60
38 99
38 107
12 73
25 66
37 97
33 89
52 66
8 81
41 98
24 107
38 96
7 110
41 66
14 109
27 98
13 100
30 77
52 91
42 73
2 56
54 87
38 101
38 63
39 74
6 73
10 85
28 103
55 107
21 74
8 74
25 90
43 92
43 71
47 91
19 67
23 77
37 79
36 110
14 87
13 108
47 70
51 97
10 73
53 65
27 94
16 79
16 71
25 72
43 105
55 84
15 63
