20

100 7 7
62 49
59 54
59 40
37 60
46 45
66 40
66 28
49 62
19 57
23 67
58 52
45 56
39 38
22 60
20 47
61 26
62 59
45 69
59 72
46 33
31 38
20 25
22 48
25 34
51 23
57 41
31 69
21 47
30 36
56 41
43 60
45 56
49 43
54 68
49 25
35 61
34 41
64 39
30 32
39 41
54 72
51 54
10 15
18 22
47 27
54 59
49 45
26 52
49 57
42 31
22 26
30 59
53 72
25 52
25 70
38 37
17 21
52 72
22 42
46 39
38 56
24 67
68 32
42 54
20 42
36 33
66 31
55 40
31 34
26 62
38 72
60 45
66 62
48 40
25 57
68 23
42 30
36 67
27 36
24 23
20 28
26 72
23 24
58 32
67 47
20 32
53 32
36 72
57 63
61 25
55 48
44 31
42 65
42 50
31 28
25 52
43 43
63 55
39 41
56 23

100 7 7
56 45
59 30
47 67
39 46
32 68
21 17
43 43
55 63
50 42
47 20
72 36
38 39
24 23
52 26
40 66
26 61
45 46
33 46
39 64
25 61
72 26
40 48
52 25
48 22
38 31
41 34
25 20
43 49
49 62
27 47
34 25
31 44
41 39
48 55
69 45
62 49
72 38
54 42
72 53
32 53
40 59
60 43
45 49
59 54
41 57
69 31
47 21
56 38
72 59
31 66
61 35
23 56
54 51
59 62
36 30
25 49
28 66
67 24
23 68
28 20
57 19
72 52
42 22
52 58
30 42
52 25
32 30
15 10
62 26
67 36
23 51
72 54
31 42
32 20
41 56
36 27
41 39
40 55
67 23
23 24
33 36
57 25
65 42
34 31
45 60
60 22
62 66
28 31
70 25
60 37
32 58
37 38
56 45
54 59
63 57
57 49
26 22
68 54
42 20
22 18

2 4 7
13 16
10 11

2 7 4
16 13
11 10

100 4 7
54 64
67 51
61 27
70 41
42 70
53 32
28 26
24 38
61 72
26 64
29 66
34 74
27 48
47 33
47 66
37 56
50 26
48 35
67 70
66 32
45 55
50 41
38 48
27 41
50 62
62 64
36 42
42 71
42 39
56 27
45 35
27 35
32 33
50 47
21 25
55 64
63 70
59 40
42 71
41 46
56 58
53 39
33 29
41 31
35 31
35 43
62 41
54 73
54 75
69 36
57 61
45 64
54 73
22 38
35 42
44 48
24 31
24 35
42 55
58 34
49 42
22 67
26 33
47 41
38 34
20 24
32 57
34 32
30 33
33 64
33 46
30 35
55 43
55 30
47 49
16 19
30 57
34 62
54 39
56 39
24 48
66 39
42 40
27 57
58 71
38 43
67 58
47 30
50 47
32 71
53 59
30 44
31 41
53 71
69 64
23 61
51 49
51 59
68 28
48 56

100 7 4
41 70
36 69
66 47
33 32
31 35
64 54
31 24
48 44
51 67
48 38
47 50
75 54
61 57
33 30
62 50
71 42
49 51
74 34
29 33
56 48
42 36
28 68
62 34
24 20
38 24
43 55
41 50
42 49
33 26
27 56
70 67
46 33
58 67
64 62
57 32
40 42
25 21
41 47
64 69
55 42
30 55
32 53
32 66
46 41
34 38
35 30
26 50
59 53
43 38
48 24
64 45
47 50
27 61
33 47
73 54
35 48
39 54
26 28
30 47
39 56
32 34
72 61
71 42
73 54
41 62
40 59
44 30
48 27
35 45
71 58
39 53
64 33
67 22
34 58
38 22
70 63
64 26
64 55
49 47
59 51
19 16
42 35
39 66
56 37
70 42
57 30
71 53
61 23
41 31
39 42
35 27
41 27
58 56
35 24
71 32
57 27
31 41
66 29
55 45
43 35

100 5 7
23 31
41 36
28 64
17 73
41 42
43 70
61 48
29 66
44 27
18 27
25 36
15 23
37 66
32 41
31 68
26 65
24 35
16 54
29 50
48 49
44 54
52 63
65 40
53 39
51 52
23 60
20 56
62 40
24 70
21 28
35 54
57 31
23 49
51 61
20 57
30 28
31 26
59 37
10 16
27 53
65 70
40 34
51 35
39 54
35 42
25 55
61 38
30 62
60 59
65 71
43 66
44 36
16 65
58 57
35 44
25 30
42 51
27 50
35 34
29 47
63 34
47 71
39 47
26 55
59 26
37 54
18 50
25 55
43 43
16 48
22 48
26 51
57 26
55 48
30 58
27 59
31 39
56 67
43 44
27 61
20 48
65 71
32 53
45 67
37 61
41 46
37 65
14 22
31 34
43 63
57 31
59 29
46 24
22 36
52 56
36 48
30 57
32 65
27 52
28 59

100 7 5
51 42
51 26
26 57
49 48
48 36
71 65
60 23
57 20
29 59
40 65
31 23
48 20
73 17
36 25
62 30
68 31
48 16
48 22
59 28
65 16
64 28
34 35
38 61
55 25
23 15
54 35
30 25
67 56
61 27
36 22
55 25
71 47
31 57
27 44
70 43
39 31
70 65
35 51
28 21
63 43
37 59
56 20
46 41
61 51
67 45
54 37
54 16
27 18
34 63
56 52
31 57
66 43
52 27
59 27
66 29
34 40
47 39
57 58
50 18
65 26
54 44
53 32
42 35
42 41
41 32
34 31
44 43
58 30
16 10
36 41
48 61
54 39
24 46
48 55
28 30
35 24
59 60
26 31
49 23
65 37
50 27
26 59
39 53
53 27
22 14
57 30
50 29
63 52
65 32
40 62
71 65
44 35
43 43
66 37
36 44
61 37
70 24
55 26
47 29
52 51

100 6 4
1050 66
1018 72
1005 75
1011 74
1008 75
1035 94
1048 65
1025 92
1025 73
1000 46
1025 54
1046 70
1002 92
1043 78
1028 75
1014 92
1014 54
1037 51
1004 84
1004 49
1019 53
1008 81
1014 54
1047 71
1039 56
1021 67
1010 64
1044 71
1006 86
1009 93
1002 84
1022 84
1013 77
1045 60
1029 85
1042 95
1025 67
1042 85
1034 91
1019 84
16 38
1018 82
1002 91
1011 87
1025 73
1014 50
1047 55
1011 81
1017 64
1046 63
1049 55
1035 88
1024 67
1021 78
1021 77
1030 92
1005 91
1050 82
1022 95
1032 73
1031 49
1028 61
1018 48
20 45
1010 95
1045 88
1024 55
1002 58
1005 81
1006 66
1041 51
1044 55
1001 52
1024 76
1010 95
1026 60
1032 84
1001 57
1022 74
1035 86
1002 83
1033 74
1035 62
1045 64
1028 72
1005 85
1039 57
1032 91
1043 59
1022 84
1005 67
1007 64
1049 72
1034 50
1031 63
1047 71
1003 68
1021 88
1028 58
1046 50

100 4 6
81 1011
50 1014
65 1048
81 1008
67 1005
50 1034
71 1044
63 1046
55 1024
51 1037
60 1026
73 1032
73 1025
92 1014
50 1046
91 1032
60 1045
95 1042
75 1008
49 1004
86 1035
59 1043
57 1039
66 1006
85 1042
56 1039
67 1024
55 1049
81 1005
64 1010
92 1030
72 1028
84 1032
91 1002
73 1025
88 1035
72 1049
74 1033
66 1050
58 1002
52 1001
58 1028
78 1021
71 1047
92 1025
91 1034
55 1047
77 1021
82 1018
78 1043
75 1005
71 1047
84 1022
64 1017
53 1019
84 1004
92 1002
93 1009
70 1046
77 1013
74 1022
72 1018
87 1011
68 1003
64 1045
91 1005
84 1019
55 1044
83 1002
62 1035
67 1025
76 1024
94 1035
67 1021
95 1022
48 1018
95 1010
84 1002
95 1010
84 1022
64 1007
85 1029
85 1005
74 1011
86 1006
88 1021
54 1014
49 1031
45 20
82 1050
75 1028
57 1001
46 1000
51 1041
88 1045
63 1031
38 16
61 1028
54 1014
54 1025

100 2 4
61 136
49 138
38 121
30 10
45 145
43 142
57 139
58 150
63 161
67 136
75 117
61 152
45 134
63 125
41 120
64 128
55 139
49 139
84 121
43 121
57 158
51 131
49 161
39 157
66 137
77 155
66 129
80 160
42 126
85 140
47 115
38 130
69 132
71 112
69 113
44 145
51 161
37 119
83 152
66 135
77 125
75 153
59 149
66 150
62 112
49 142
76 115
49 127
79 157
50 133
54 150
47 144
63 129
48 125
35 13
40 124
79 128
42 144
68 121
79 148
63 121
66 131
40 143
69 125
56 130
83 119
57 151
46 126
66 118
54 151
67 141
64 126
45 146
57 156
70 150
82 145
63 146
69 153
53 141
81 120
62 146
86 161
72 141
50 126
69 128
36 111
49 122
37 134
57 117
56 137
67 147
51 157
69 128
53 114
54 140
85 157
73 115
44 119
63 144
38 143

100 4 2
161 49
118 66
161 86
140 54
126 46
146 62
135 66
129 66
126 42
133 50
151 57
117 57
141 53
148 79
137 56
111 36
119 44
146 45
143 38
139 55
120 81
141 72
134 45
121 38
132 69
120 41
152 61
150 70
145 45
121 84
151 54
130 56
137 66
139 57
139 49
158 57
119 83
161 51
126 64
125 69
113 69
157 79
157 51
142 43
136 67
156 57
152 83
153 75
157 39
144 47
141 67
127 49
128 64
149 59
126 50
161 63
144 42
145 82
138 49
122 49
13 35
143 40
150 58
160 80
115 47
119 37
117 75
114 53
129 63
134 37
155 77
131 51
128 69
142 49
125 63
125 48
157 85
150 54
124 40
146 63
150 66
121 63
125 77
131 66
144 63
128 69
115 73
140 85
115 76
153 69
112 62
121 43
136 61
130 38
145 44
147 67
112 71
10 30
121 68
128 79

100 4 7
30 130
41 125
13 93
35 112
38 97
34 111
45 136
35 102
44 106
22 129
31 131
61 121
26 105
21 131
20 107
50 133
48 92
24 109
41 113
53 118
29 92
46 132
22 123
41 125
17 94
29 96
38 112
54 132
34 119
42 124
47 120
27 121
43 119
29 100
53 92
34 127
12 134
58 126
26 126
42 95
58 128
18 105
30 101
45 130
42 122
36 124
25 94
22 103
58 95
35 98
18 109
59 92
51 103
46 104
33 99
55 133
40 105
23 95
21 121
7 88
41 103
22 104
20 127
45 130
27 114
57 132
56 128
49 90
26 95
39 114
46 112
52 110
31 92
12 132
41 131
60 137
46 110
59 126
33 128
25 110
40 116
38 126
38 90
18 133
20 90
37 114
31 135
31 123
33 99
17 104
37 113
22 112
19 120
21 94
17 134
11 89
29 131
23 122
56 102
46 138

100 7 4
122 42
103 22
127 20
107 20
110 46
113 37
95 42
90 20
92 53
132 57
93 13
138 46
112 38
100 29
114 39
104 22
96 29
137 60
124 36
109 18
98 35
106 44
114 27
130 30
112 46
128 58
131 21
104 17
105 26
99 33
134 12
126 58
92 59
95 26
130 45
90 38
119 43
97 38
133 55
131 31
112 22
128 56
103 41
112 35
114 37
102 56
125 41
126 26
92 29
94 17
132 54
125 41
123 22
120 19
121 27
105 18
135 31
131 41
133 50
116 40
134 17
126 59
110 25
90 49
132 46
111 34
126 38
109 24
118 53
102 35
120 47
94 25
110 52
127 34
94 21
132 12
101 30
121 21
130 45
113 41
124 42
92 48
89 11
128 33
95 23
123 31
104 46
119 34
105 40
122 23
121 61
131 29
103 51
129 22
136 45
133 18
88 7
95 58
99 33
92 31

100 5 3
109 28
95 6
126 21
112 44
144 45
107 42
102 26
143 39
129 38
137 35
92 4
103 42
129 9
131 48
114 52
118 44
99 7
128 39
119 25
133 8
110 25
132 50
130 39
99 42
131 44
123 35
121 26
100 39
143 32
140 18
107 16
145 22
107 39
133 28
112 16
101 12
108 8
126 39
124 51
108 21
142 31
110 31
113 53
116 42
102 9
96 47
130 50
140 15
103 39
122 24
143 42
121 48
102 15
102 28
101 9
97 49
127 35
99 24
143 26
131 50
145 56
125 46
127 51
106 49
107 23
139 54
109 46
133 27
129 21
115 28
104 53
124 31
144 47
114 17
103 41
114 39
105 30
118 52
142 20
124 29
110 10
116 55
114 40
133 40
115 42
131 37
137 36
112 27
136 32
112 37
101 23
122 52
135 28
135 20
131 28
97 29
138 14
122 17
136 23
111 20

100 3 5
23 107
49 97
30 105
36 137
39 100
44 118
39 103
21 108
20 111
26 143
20 135
51 124
28 131
35 127
40 114
25 119
48 131
46 125
24 122
6 95
26 121
25 110
23 101
35 123
14 138
46 109
53 113
21 129
50 131
42 99
31 124
39 126
47 96
32 136
8 108
10 110
29 97
42 143
53 104
52 114
50 132
4 92
29 124
55 116
16 112
16 107
39 143
28 115
42 103
17 114
12 101
39 114
28 109
39 128
48 121
42 116
41 103
7 99
28 135
42 107
47 144
9 101
22 145
27 112
51 127
40 133
9 102
31 142
31 110
52 118
45 144
17 122
37 131
23 136
39 130
28 102
8 133
39 107
27 133
42 115
52 122
38 129
32 143
56 145
26 102
9 129
21 126
54 139
18 140
49 106
37 112
15 102
35 137
28 133
44 131
20 142
15 140
44 112
50 130
24 99

100 6 4
85 101
79 84
93 119
112 91
96 89
85 77
85 78
125 106
94 112
80 90
102 79
112 82
79 87
100 107
104 83
81 74
117 104
122 116
90 103
92 102
119 111
105 105
125 80
87 81
93 103
89 108
99 108
85 107
79 88
113 119
77 121
123 110
88 102
114 75
80 95
105 90
116 86
103 82
109 98
111 88
90 105
124 119
91 122
97 92
87 115
120 122
98 111
86 92
87 116
72 71
105 118
104 112
113 104
100 122
105 112
90 76
81 98
105 122
99 117
101 94
88 101
79 110
77 91
85 96
111 104
101 88
78 83
115 112
113 96
113 103
114 92
87 94
79 92
79 116
95 111
118 105
89 96
97 102
117 119
115 85
114 82
108 101
77 78
120 99
77 99
78 75
108 103
87 93
104 104
118 92
117 79
93 95
90 80
119 104
78 99
125 110
76 73
111 83
115 111
92 115

100 4 6
92 86
104 119
105 105
108 89
96 85
77 85
95 80
116 87
116 79
92 118
104 104
122 100
115 92
102 92
92 79
119 124
103 113
88 79
82 112
75 114
107 100
101 85
103 90
94 101
110 79
73 76
79 102
104 113
101 108
111 115
112 104
111 95
83 111
71 72
90 80
92 114
90 105
122 120
105 90
115 87
110 125
102 88
92 97
98 81
81 87
86 116
122 105
96 89
88 111
103 108
101 88
112 94
91 77
119 113
99 120
88 101
111 98
119 93
122 91
112 115
80 125
74 81
95 93
82 114
78 85
111 119
84 79
107 85
93 87
104 117
118 105
112 105
87 79
117 99
94 87
91 112
116 122
78 77
121 77
99 78
104 111
102 97
119 117
106 125
110 123
83 78
80 90
79 117
75 78
82 103
83 104
96 113
98 109
103 93
85 115
76 90
89 96
99 77
108 99
105 118

100 5 4
97 51
73 13
94 39
96 16
107 24
97 19
71 16
65 43
105 45
92 33
98 27
71 33
79 37
72 6
89 33
109 20
65 53
91 47
67 19
76 43
94 27
62 19
84 55
77 23
77 42
102 7
77 30
73 6
85 34
101 38
110 36
91 40
87 22
94 43
64 24
66 52
87 21
71 43
107 38
87 54
87 38
110 7
100 13
70 44
72 33
64 8
108 13
93 31
105 43
91 52
87 14
70 50
107 6
73 42
63 15
66 25
74 8
74 39
56 2
63 38
80 55
79 16
94 6
90 25
98 28
110 49
84 46
72 46
66 41
84 53
93 24
98 41
88 33
99 38
72 25
94 16
103 28
73 12
110 20
62 50
73 10
70 17
70 47
92 43
103 46
108 31
107 55
81 8
74 44
101 45
75 39
85 50
109 14
63 22
96 38
97 37
88 26
85 10
74 21
60 5

100 4 5
8 64
28 98
33 71
46 103
39 94
45 105
17 70
50 70
24 93
33 72
7 102
19 62
31 93
13 73
43 65
42 77
22 63
46 84
39 75
43 76
19 97
26 88
21 87
38 87
34 85
40 91
6 107
55 80
16 96
33 92
31 108
53 84
6 94
33 88
50 85
44 74
49 110
44 70
46 72
22 87
16 94
45 101
50 62
20 109
24 64
20 110
6 72
43 94
5 60
38 99
38 107
12 73
25 66
37 97
33 89
52 66
8 81
41 98
24 107
38 96
7 110
41 66
14 109
27 98
13 100
30 77
52 91
42 73
2 56
54 87
38 101
38 63
39 74
6 73
10 85
28 103
55 107
21 74
8 74
25 90
43 92
43 71
47 91
19 67
23 77
37 79
36 110
14 87
13 108
47 70
51 97
10 73
53 65
27 94
16 79
16 71
25 72
43 105
55 84
15 63
