20

100 6 7
62 79
52 81
26 59
51 68
35 56
52 53
63 65
24 82
37 60
37 74
31 67
63 60
65 89
63 75
24 93
28 83
27 92
56 70
27 60
64 88
50 87
27 76
24 87
30 69
36 56
62 64
26 55
22 54
44 72
48 74
43 48
20 44
37 52
58 72
64 91
21 45
29 72
55 56
42 80
65 52
66 46
63 63
22 83
32 63
25 47
27 57
51 77
57 75
38 78
60 92
46 73
67 65
54 76
46 61
17 39
28 63
54 57
46 71
64 46
65 84
64 80
44 80
26 51
36 51
45 71
58 93
39 54
33 64
43 68
53 95
36 80
56 76
24 65
55 65
59 54
59 68
44 56
42 86
41 58
68 79
24 63
62 79
63 55
35 75
41 52
31 67
22 72
45 75
57 75
58 60
69 94
34 90
60 67
35 85
44 69
61 56
58 92
53 55
66 51
34 69

100 7 6
63 63
92 58
52 37
71 46
72 58
69 44
87 50
47 25
91 64
68 51
63 28
74 48
46 64
51 26
67 31
57 54
54 59
51 36
55 53
55 26
65 63
44 20
75 57
92 60
86 42
85 35
56 35
71 45
70 56
76 54
84 65
58 41
75 35
89 65
75 63
39 17
52 41
88 64
95 53
45 21
60 27
63 24
64 33
65 67
67 60
54 39
56 36
79 62
80 36
79 62
72 44
53 52
92 27
69 30
87 24
67 31
57 27
64 62
60 37
55 63
75 57
69 34
73 46
61 46
51 66
94 69
65 55
83 22
56 55
56 61
76 27
82 24
60 58
80 42
72 29
78 38
75 45
81 52
83 28
72 22
90 34
52 65
79 68
48 43
93 24
56 44
46 66
76 56
80 44
68 43
93 58
60 63
80 64
77 51
63 32
68 59
54 22
59 26
65 24
74 37

100 6 4
144 127
141 132
141 118
119 138
128 123
148 118
148 106
131 140
101 135
105 145
140 130
127 134
121 116
104 138
102 125
143 104
144 137
127 147
141 150
128 111
113 116
102 103
104 126
107 112
133 101
139 119
113 147
103 125
112 114
138 119
125 138
127 134
131 121
136 146
131 103
117 139
116 119
146 117
112 110
121 119
136 150
133 132
17 38
100 100
129 105
136 137
131 123
108 130
131 135
124 109
104 104
112 137
135 150
107 130
107 148
120 115
19 42
134 150
104 120
128 117
120 134
106 145
150 110
124 132
102 120
118 111
148 109
137 118
113 112
108 140
120 150
142 123
148 140
130 118
107 135
150 101
124 108
118 145
109 114
106 101
102 106
108 150
105 102
140 110
149 125
102 110
135 110
118 150
139 141
143 103
137 126
126 109
124 143
124 128
113 106
107 130
125 121
145 133
121 119
138 101

100 4 6
134 127
137 112
125 149
117 128
110 150
42 19
121 125
133 145
128 124
125 102
150 118
116 121
102 105
130 108
118 148
104 143
123 128
111 128
117 146
103 143
150 108
118 130
130 107
126 104
116 113
119 116
103 102
121 131
127 144
105 129
112 107
109 126
119 121
126 137
147 127
140 131
150 120
132 124
150 135
110 135
118 141
138 125
123 131
137 136
119 139
147 113
125 103
134 120
150 141
109 148
139 117
101 138
132 133
137 144
114 112
103 131
106 148
145 106
101 150
106 102
135 101
150 134
120 104
130 140
108 124
130 107
110 112
38 17
140 108
145 118
101 133
150 136
109 124
110 102
119 138
114 109
119 121
118 137
145 105
101 106
111 118
135 107
143 124
112 113
123 142
138 104
140 148
106 113
148 107
138 119
110 140
115 120
134 127
132 141
141 139
135 131
104 104
146 136
120 102
100 100

100 6 7
62 79
52 81
26 59
51 68
35 56
52 53
63 65
24 82
37 60
37 74
31 67
63 60
65 89
63 75
24 93
28 83
27 92
56 70
27 60
64 88
50 87
27 76
24 87
30 69
36 56
62 64
26 55
22 54
44 72
48 74
43 48
20 44
37 52
58 72
64 91
21 45
29 72
55 56
42 80
65 52
66 46
63 63
22 83
32 63
25 47
27 57
51 77
57 75
38 78
60 92
46 73
67 65
54 76
46 61
17 39
28 63
54 57
46 71
64 46
65 84
64 80
44 80
26 51
36 51
45 71
58 93
39 54
33 64
43 68
53 95
36 80
56 76
24 65
55 65
59 54
59 68
44 56
42 86
41 58
68 79
24 63
62 79
63 55
35 75
41 52
31 67
22 72
45 75
57 75
58 60
69 94
34 90
60 67
35 85
44 69
61 56
58 92
53 55
66 51
34 69

100 7 6
63 63
92 58
52 37
71 46
72 58
69 44
87 50
47 25
91 64
68 51
63 28
74 48
46 64
51 26
67 31
57 54
54 59
51 36
55 53
55 26
65 63
44 20
75 57
92 60
86 42
85 35
56 35
71 45
70 56
76 54
84 65
58 41
75 35
89 65
75 63
39 17
52 41
88 64
95 53
45 21
60 27
63 24
64 33
65 67
67 60
54 39
56 36
79 62
80 36
79 62
72 44
53 52
92 27
69 30
87 24
67 31
57 27
64 62
60 37
55 63
75 57
69 34
73 46
61 46
51 66
94 69
65 55
83 22
56 55
56 61
76 27
82 24
60 58
80 42
72 29
78 38
75 45
81 52
83 28
72 22
90 34
52 65
79 68
48 43
93 24
56 44
46 66
76 56
80 44
68 43
93 58
60 63
80 64
77 51
63 32
68 59
54 22
59 26
65 24
74 37

100 6 4
144 127
141 132
141 118
119 138
128 123
148 118
148 106
131 140
101 135
105 145
140 130
127 134
121 116
104 138
102 125
143 104
144 137
127 147
141 150
128 111
113 116
102 103
104 126
107 112
133 101
139 119
113 147
103 125
112 114
138 119
125 138
127 134
131 121
136 146
131 103
117 139
116 119
146 117
112 110
121 119
136 150
133 132
17 38
100 100
129 105
136 137
131 123
108 130
131 135
124 109
104 104
112 137
135 150
107 130
107 148
120 115
19 42
134 150
104 120
128 117
120 134
106 145
150 110
124 132
102 120
118 111
148 109
137 118
113 112
108 140
120 150
142 123
148 140
130 118
107 135
150 101
124 108
118 145
109 114
106 101
102 106
108 150
105 102
140 110
149 125
102 110
135 110
118 150
139 141
143 103
137 126
126 109
124 143
124 128
113 106
107 130
125 121
145 133
121 119
138 101

100 4 6
134 1012
137 112
125 149
117 128
110 150
42 19
121 125
133 145
128 124
125 102
150 118
116 121
102 105
130 108
118 148
104 143
123 128
111 128
117 146
103 143
150 108
118 130
130 107
126 104
116 113
119 116
103 102
121 131
127 144
105 129
112 107
109 126
119 121
126 137
147 127
140 131
150 120
132 124
150 135
110 135
118 141
138 125
123 131
137 136
119 139
147 113
125 103
134 120
150 141
109 148
139 117
101 138
132 133
137 144
114 112
103 131
106 148
145 106
101 150
106 102
135 101
150 134
120 104
130 140
108 124
130 107
110 112
38 17
140 108
145 118
101 133
150 136
109 124
110 102
119 138
114 109
119 121
118 137
145 105
101 106
111 118
135 107
143 124
112 113
123 142
138 104
140 148
106 113
148 107
138 119
110 140
115 120
134 127
132 141
141 139
135 131
104 104
146 136
120 102
100 100

100 6 7
62 1011
52 81
26 59
51 68
35 56
52 53
63 65
24 82
37 60
37 74
31 67
63 60
65 89
63 75
24 93
28 83
27 92
56 70
27 60
64 88
50 87
27 76
24 87
30 69
36 56
62 64
26 55
22 54
44 72
48 74
43 48
20 44
37 52
58 72
64 91
21 45
29 72
55 56
42 80
65 52
66 46
63 63
22 83
32 63
25 47
27 57
51 77
57 75
38 78
60 92
46 73
67 65
54 76
46 61
17 39
28 63
54 57
46 71
64 46
65 84
64 80
44 80
26 51
36 51
45 71
58 93
39 54
33 64
43 68
53 95
36 80
56 76
24 65
55 65
59 54
59 68
44 56
42 86
41 58
68 79
24 63
62 79
63 55
35 75
41 52
31 67
22 72
45 75
57 75
58 60
69 94
34 90
60 67
35 85
44 69
61 56
58 92
53 55
66 51
34 69

100 7 6
63 1010
92 58
52 37
71 46
72 58
69 44
87 50
47 25
91 64
68 51
63 28
74 48
46 64
51 26
67 31
57 54
54 59
51 36
55 53
55 26
65 63
44 20
75 57
92 60
86 42
85 35
56 35
71 45
70 56
76 54
84 65
58 41
75 35
89 65
75 63
39 17
52 41
88 64
95 53
45 21
60 27
63 24
64 33
65 67
67 60
54 39
56 36
79 62
80 36
79 62
72 44
53 52
92 27
69 30
87 24
67 31
57 27
64 62
60 37
55 63
75 57
69 34
73 46
61 46
51 66
94 69
65 55
83 22
56 55
56 61
76 27
82 24
60 58
80 42
72 29
78 38
75 45
81 52
83 28
72 22
90 34
52 65
79 68
48 43
93 24
56 44
46 66
76 56
80 44
68 43
93 58
60 63
80 64
77 51
63 32
68 59
54 22
59 26
65 24
74 37

100 6 4
144 1009
141 132
141 118
119 138
128 123
148 118
148 106
131 140
101 135
105 145
140 130
127 134
121 116
104 138
102 125
143 104
144 137
127 147
141 150
128 111
113 116
102 103
104 126
107 112
133 101
139 119
113 147
103 125
112 114
138 119
125 138
127 134
131 121
136 146
131 103
117 139
116 119
146 117
112 110
121 119
136 150
133 132
17 38
100 100
129 105
136 137
131 123
108 130
131 135
124 109
104 104
112 137
135 150
107 130
107 148
120 115
19 42
134 150
104 120
128 117
120 134
106 145
150 110
124 132
102 120
118 111
148 109
137 118
113 112
108 140
120 150
142 123
148 140
130 118
107 135
150 101
124 108
118 145
109 114
106 101
102 106
108 150
105 102
140 110
149 125
102 110
135 110
118 150
139 141
143 103
137 126
126 109
124 143
124 128
113 106
107 130
125 121
145 133
121 119
138 101

100 4 6
134 1008
137 112
125 149
117 128
110 150
42 19
121 125
133 145
128 124
125 102
150 118
116 121
102 105
130 108
118 148
104 143
123 128
111 128
117 146
103 143
150 108
118 130
130 107
126 104
116 113
119 116
103 102
121 131
127 144
105 129
112 107
109 126
119 121
126 137
147 127
140 131
150 120
132 124
150 135
110 135
118 141
138 125
123 131
137 136
119 139
147 113
125 103
134 120
150 141
109 148
139 117
101 138
132 133
137 144
114 112
103 131
106 148
145 106
101 150
106 102
135 101
150 134
120 104
130 140
108 124
130 107
110 112
38 17
140 108
145 118
101 133
150 136
109 124
110 102
119 138
114 109
119 121
118 137
145 105
101 106
111 118
135 107
143 124
112 113
123 142
138 104
140 148
106 113
148 107
138 119
110 140
115 120
134 127
132 141
141 139
135 131
104 104
146 136
120 102
100 100

100 6 7
62 1007
52 81
26 59
51 68
35 56
52 53
63 65
24 82
37 60
37 74
31 67
63 60
65 89
63 75
24 93
28 83
27 92
56 70
27 60
64 88
50 87
27 76
24 87
30 69
36 56
62 64
26 55
22 54
44 72
48 74
43 48
20 44
37 52
58 72
64 91
21 45
29 72
55 56
42 80
65 52
66 46
63 63
22 83
32 63
25 47
27 57
51 77
57 75
38 78
60 92
46 73
67 65
54 76
46 61
17 39
28 63
54 57
46 71
64 46
65 84
64 80
44 80
26 51
36 51
45 71
58 93
39 54
33 64
43 68
53 95
36 80
56 76
24 65
55 65
59 54
59 68
44 56
42 86
41 58
68 79
24 63
62 79
63 55
35 75
41 52
31 67
22 72
45 75
57 75
58 60
69 94
34 90
60 67
35 85
44 69
61 56
58 92
53 55
66 51
34 69

100 7 6
63 1006
92 58
52 37
71 46
72 58
69 44
87 50
47 25
91 64
68 51
63 28
74 48
46 64
51 26
67 31
57 54
54 59
51 36
55 53
55 26
65 63
44 20
75 57
92 60
86 42
85 35
56 35
71 45
70 56
76 54
84 65
58 41
75 35
89 65
75 63
39 17
52 41
88 64
95 53
45 21
60 27
63 24
64 33
65 67
67 60
54 39
56 36
79 62
80 36
79 62
72 44
53 52
92 27
69 30
87 24
67 31
57 27
64 62
60 37
55 63
75 57
69 34
73 46
61 46
51 66
94 69
65 55
83 22
56 55
56 61
76 27
82 24
60 58
80 42
72 29
78 38
75 45
81 52
83 28
72 22
90 34
52 65
79 68
48 43
93 24
56 44
46 66
76 56
80 44
68 43
93 58
60 63
80 64
77 51
63 32
68 59
54 22
59 26
65 24
74 37

100 6 4
144 1005
141 132
141 118
119 138
128 123
148 118
148 106
131 140
101 135
105 145
140 130
127 134
121 116
104 138
102 125
143 104
144 137
127 147
141 150
128 111
113 116
102 103
104 126
107 112
133 101
139 119
113 147
103 125
112 114
138 119
125 138
127 134
131 121
136 146
131 103
117 139
116 119
146 117
112 110
121 119
136 150
133 132
17 38
100 100
129 105
136 137
131 123
108 130
131 135
124 109
104 104
112 137
135 150
107 130
107 148
120 115
19 42
134 150
104 120
128 117
120 134
106 145
150 110
124 132
102 120
118 111
148 109
137 118
113 112
108 140
120 150
142 123
148 140
130 118
107 135
150 101
124 108
118 145
109 114
106 101
102 106
108 150
105 102
140 110
149 125
102 110
135 110
118 150
139 141
143 103
137 126
126 109
124 143
124 128
113 106
107 130
125 121
145 133
121 119
138 101

100 4 6
134 1004
137 112
125 149
117 128
110 150
42 19
121 125
133 145
128 124
125 102
150 118
116 121
102 105
130 108
118 148
104 143
123 128
111 128
117 146
103 143
150 108
118 130
130 107
126 104
116 113
119 116
103 102
121 131
127 144
105 129
112 107
109 126
119 121
126 137
147 127
140 131
150 120
132 124
150 135
110 135
118 141
138 125
123 131
137 136
119 139
147 113
125 103
134 120
150 141
109 148
139 117
101 138
132 133
137 144
114 112
103 131
106 148
145 106
101 150
106 102
135 101
150 134
120 104
130 140
108 124
130 107
110 112
38 17
140 108
145 118
101 133
150 136
109 124
110 102
119 138
114 109
119 121
118 137
145 105
101 106
111 118
135 107
143 124
112 113
123 142
138 104
140 148
106 113
148 107
138 119
110 140
115 120
134 127
132 141
141 139
135 131
104 104
146 136
120 102
100 100

100 6 7
62 1003
52 81
26 59
51 68
35 56
52 53
63 65
24 82
37 60
37 74
31 67
63 60
65 89
63 75
24 93
28 83
27 92
56 70
27 60
64 88
50 87
27 76
24 87
30 69
36 56
62 64
26 55
22 54
44 72
48 74
43 48
20 44
37 52
58 72
64 91
21 45
29 72
55 56
42 80
65 52
66 46
63 63
22 83
32 63
25 47
27 57
51 77
57 75
38 78
60 92
46 73
67 65
54 76
46 61
17 39
28 63
54 57
46 71
64 46
65 84
64 80
44 80
26 51
36 51
45 71
58 93
39 54
33 64
43 68
53 95
36 80
56 76
24 65
55 65
59 54
59 68
44 56
42 86
41 58
68 79
24 63
62 79
63 55
35 75
41 52
31 67
22 72
45 75
57 75
58 60
69 94
34 90
60 67
35 85
44 69
61 56
58 92
53 55
66 51
34 69

100 7 6
63 1002
92 58
52 37
71 46
72 58
69 44
87 50
47 25
91 64
68 51
63 28
74 48
46 64
51 26
67 31
57 54
54 59
51 36
55 53
55 26
65 63
44 20
75 57
92 60
86 42
85 35
56 35
71 45
70 56
76 54
84 65
58 41
75 35
89 65
75 63
39 17
52 41
88 64
95 53
45 21
60 27
63 24
64 33
65 67
67 60
54 39
56 36
79 62
80 36
79 62
72 44
53 52
92 27
69 30
87 24
67 31
57 27
64 62
60 37
55 63
75 57
69 34
73 46
61 46
51 66
94 69
65 55
83 22
56 55
56 61
76 27
82 24
60 58
80 42
72 29
78 38
75 45
81 52
83 28
72 22
90 34
52 65
79 68
48 43
93 24
56 44
46 66
76 56
80 44
68 43
93 58
60 63
80 64
77 51
63 32
68 59
54 22
59 26
65 24
74 37

100 6 4
144 1001
141 132
141 118
119 138
128 123
148 118
148 106
131 140
101 135
105 145
140 130
127 134
121 116
104 138
102 125
143 104
144 137
127 147
141 150
128 111
113 116
102 103
104 126
107 112
133 101
139 119
113 147
103 125
112 114
138 119
125 138
127 134
131 121
136 146
131 103
117 139
116 119
146 117
112 110
121 119
136 150
133 132
17 38
100 100
129 105
136 137
131 123
108 130
131 135
124 109
104 104
112 137
135 150
107 130
107 148
120 115
19 42
134 150
104 120
128 117
120 134
106 145
150 110
124 132
102 120
118 111
148 109
137 118
113 112
108 140
120 150
142 123
148 140
130 118
107 135
150 101
124 108
118 145
109 114
106 101
102 106
108 150
105 102
140 110
149 125
102 110
135 110
118 150
139 141
143 103
137 126
126 109
124 143
124 128
113 106
107 130
125 121
145 133
121 119
138 101

100 6 4
1050 66
1018 72
1005 75
1011 74
1008 75
1035 94
1048 65
1025 92
1025 73
1000 46
1025 54
1046 70
1002 92
1043 78
1028 75
1014 92
1014 54
1037 51
1004 84
1004 49
1019 53
1008 81
1014 54
1047 71
1039 56
1021 67
1010 64
1044 71
1006 86
1009 93
1002 84
1022 84
1013 77
1045 60
1029 85
1042 95
1025 67
1042 85
1034 91
1019 84
16 38
1018 82
1002 91
1011 87
1025 73
1014 50
1047 55
1011 81
1017 64
1046 63
1049 55
1035 88
1024 67
1021 78
1021 77
1030 92
1005 91
1050 82
1022 95
1032 73
1031 49
1028 61
1018 48
20 45
1010 95
1045 88
1024 55
1002 58
1005 81
1006 66
1041 51
1044 55
1001 52
1024 76
1010 95
1026 60
1032 84
1001 57
1022 74
1035 86
1002 83
1033 74
1035 62
1045 64
1028 72
1005 85
1039 57
1032 91
1043 59
1022 84
1005 67
1007 64
1049 72
1034 50
1031 63
1047 71
1003 68
1021 88
1028 58
1046 50
