20

100 6 7
62 79
52 81
26 59
51 68
35 56
52 53
63 65
24 82
37 60
37 74
31 67
63 60
65 89
63 75
24 93
28 83
27 92
56 70
27 60
64 88
50 87
27 76
24 87
30 69
36 56
62 64
26 55
22 54
44 72
48 74
43 48
20 44
37 52
58 72
64 91
21 45
29 72
55 56
42 80
65 52
66 46
63 63
22 83
32 63
25 47
27 57
51 77
57 75
38 78
60 92
46 73
67 65
54 76
46 61
17 39
28 63
54 57
46 71
64 46
65 84
64 80
44 80
26 51
36 51
45 71
58 93
39 54
33 64
43 68
53 95
36 80
56 76
24 65
55 65
59 54
59 68
44 56
42 86
41 58
68 79
24 63
62 79
63 55
35 75
41 52
31 67
22 72
45 75
57 75
58 60
69 94
34 90
60 67
35 85
44 69
61 56
58 92
53 55
66 51
34 69

100 7 6
63 63
92 58
52 37
71 46
72 58
69 44
87 50
47 25
91 64
68 51
63 28
74 48
46 64
51 26
67 31
57 54
54 59
51 36
55 53
55 26
65 63
44 20
75 57
92 60
86 42
85 35
56 35
71 45
70 56
76 54
84 65
58 41
75 35
89 65
75 63
39 17
52 41
88 64
95 53
45 21
60 27
63 24
64 33
65 67
67 60
54 39
56 36
79 62
80 36
79 62
72 44
53 52
92 27
69 30
87 24
67 31
57 27
64 62
60 37
55 63
75 57
69 34
73 46
61 46
51 66
94 69
65 55
83 22
56 55
56 61
76 27
82 24
60 58
80 42
72 29
78 38
75 45
81 52
83 28
72 22
90 34
52 65
79 68
48 43
93 24
56 44
46 66
76 56
80 44
68 43
93 58
60 63
80 64
77 51
63 32
68 59
54 22
59 26
65 24
74 37

4 7 7
99 97
101 103
102 104
103 105

4 7 7
999 1001
1000 1002
1001 1003
1002 1004

4 7 7
987237 288312
987238 288313
987239 288314
987230 288315

4 7 7
1 1
2 2
3 3
4 4

4 7 7
10 10
10 10
10 10
10 10

4 7 7
67 72
76 76
77 77
78 78

4 7 7
113 119
117 129
118 130
119 131

4 7 7
11 35
16 44
17 45
18 46

4 7 7
6 30
11 33
12 34
13 35

4 7 7
19 57
27 63
28 64
29 65


100 7 7
30 130
41 125
13 93
35 112
38 97
34 111
45 136
35 102
44 106
22 129
31 131
61 121
26 105
21 131
20 107
50 133
48 92
24 109
41 113
53 118
29 92
46 132
22 123
41 125
17 94
29 96
38 112
54 132
34 119
42 124
47 120
27 121
43 119
29 100
53 92
34 127
12 134
58 126
26 126
42 95
58 128
18 105
30 101
45 130
42 122
36 124
25 94
22 103
58 95
35 98
18 109
59 92
51 103
46 104
33 99
55 133
40 105
23 95
21 121
7 88
41 103
22 104
20 127
45 130
27 114
57 132
56 128
49 90
26 95
39 114
46 112
52 110
31 92
12 132
41 131
60 137
46 110
59 126
33 128
25 110
40 116
38 126
38 90
18 133
20 90
37 114
31 135
31 123
33 99
17 104
37 113
22 112
19 120
21 94
17 134
11 89
29 131
23 122
56 102
46 138

100 7 7
122 42
103 22
127 20
107 20
110 46
113 37
95 42
90 20
92 53
132 57
93 13
138 46
112 38
100 29
114 39
104 22
96 29
137 60
124 36
109 18
98 35
106 44
114 27
130 30
112 46
128 58
131 21
104 17
105 26
99 33
134 12
126 58
92 59
95 26
130 45
90 38
119 43
97 38
133 55
131 31
112 22
128 56
103 41
112 35
114 37
102 56
125 41
126 26
92 29
94 17
132 54
125 41
123 22
120 19
121 27
105 18
135 31
131 41
133 50
116 40
134 17
126 59
110 25
90 49
132 46
111 34
126 38
109 24
118 53
102 35
120 47
94 25
110 52
127 34
94 21
132 12
101 30
121 21
130 45
113 41
124 42
92 48
89 11
128 33
95 23
123 31
104 46
119 34
105 40
122 23
121 61
131 29
103 51
129 22
136 45
133 18
88 7
95 58
99 33
92 31

100 7 7
109 28
95 6
126 21
112 44
144 45
107 42
102 26
143 39
129 38
137 35
92 4
103 42
129 9
131 48
114 52
118 44
99 7
128 39
119 25
133 8
110 25
132 50
130 39
99 42
131 44
123 35
121 26
100 39
143 32
140 18
107 16
145 22
107 39
133 28
112 16
101 12
108 8
126 39
124 51
108 21
142 31
110 31
113 53
116 42
102 9
96 47
130 50
140 15
103 39
122 24
143 42
121 48
102 15
102 28
101 9
97 49
127 35
99 24
143 26
131 50
145 56
125 46
127 51
106 49
107 23
139 54
109 46
133 27
129 21
115 28
104 53
124 31
144 47
114 17
103 41
114 39
105 30
118 52
142 20
124 29
110 10
116 55
114 40
133 40
115 42
131 37
137 36
112 27
136 32
112 37
101 23
122 52
135 28
135 20
131 28
97 29
138 14
122 17
136 23
111 20

100 7 7
23 107
49 97
30 105
36 137
39 100
44 118
39 103
21 108
20 111
26 143
20 135
51 124
28 131
35 127
40 114
25 119
48 131
46 125
24 122
6 95
26 121
25 110
23 101
35 123
14 138
46 109
53 113
21 129
50 131
42 99
31 124
39 126
47 96
32 136
8 108
10 110
29 97
42 143
53 104
52 114
50 132
4 92
29 124
55 116
16 112
16 107
39 143
28 115
42 103
17 114
12 101
39 114
28 109
39 128
48 121
42 116
41 103
7 99
28 135
42 107
47 144
9 101
22 145
27 112
51 127
40 133
9 102
31 142
31 110
52 118
45 144
17 122
37 131
23 136
39 130
28 102
8 133
39 107
27 133
42 115
52 122
38 129
32 143
56 145
26 102
9 129
21 126
54 139
18 140
49 106
37 112
15 102
35 137
28 133
44 131
20 142
15 140
44 112
50 130
24 99

100 7 7
85 101
79 84
93 119
112 91
96 89
85 77
85 78
125 106
94 112
80 90
102 79
112 82
79 87
100 107
104 83
81 74
117 104
122 116
90 103
92 102
119 111
105 105
125 80
87 81
93 103
89 108
99 108
85 107
79 88
113 119
77 121
123 110
88 102
114 75
80 95
105 90
116 86
103 82
109 98
111 88
90 105
124 119
91 122
97 92
87 115
120 122
98 111
86 92
87 116
72 71
105 118
104 112
113 104
100 122
105 112
90 76
81 98
105 122
99 117
101 94
88 101
79 110
77 91
85 96
111 104
101 88
78 83
115 112
113 96
113 103
114 92
87 94
79 92
79 116
95 111
118 105
89 96
97 102
117 119
115 85
114 82
108 101
77 78
120 99
77 99
78 75
108 103
87 93
104 104
118 92
117 79
93 95
90 80
119 104
78 99
125 110
76 73
111 83
115 111
92 115

100 7 7
92 86
104 119
105 105
108 89
96 85
77 85
95 80
116 87
116 79
92 118
104 104
122 100
115 92
102 92
92 79
119 124
103 113
88 79
82 112
75 114
107 100
101 85
103 90
94 101
110 79
73 76
79 102
104 113
101 108
111 115
112 104
111 95
83 111
71 72
90 80
92 114
90 105
122 120
105 90
115 87
110 125
102 88
92 97
98 81
81 87
86 116
122 105
96 89
88 111
103 108
101 88
112 94
91 77
119 113
99 120
88 101
111 98
119 93
122 91
112 115
80 125
74 81
95 93
82 114
78 85
111 119
84 79
107 85
93 87
104 117
118 105
112 105
87 79
117 99
94 87
91 112
116 122
78 77
121 77
99 78
104 111
102 97
119 117
106 125
110 123
83 78
80 90
79 117
75 78
82 103
83 104
96 113
98 109
103 93
85 115
76 90
89 96
99 77
108 99
105 118

100 7 7
97 51
73 13
94 39
96 16
107 24
97 19
71 16
65 43
105 45
92 33
98 27
71 33
79 37
72 6
89 33
109 20
65 53
91 47
67 19
76 43
94 27
62 19
84 55
77 23
77 42
102 7
77 30
73 6
85 34
101 38
110 36
91 40
87 22
94 43
64 24
66 52
87 21
71 43
107 38
87 54
87 38
110 7
100 13
70 44
72 33
64 8
108 13
93 31
105 43
91 52
87 14
70 50
107 6
73 42
63 15
66 25
74 8
74 39
56 2
63 38
80 55
79 16
94 6
90 25
98 28
110 49
84 46
72 46
66 41
84 53
93 24
98 41
88 33
99 38
72 25
94 16
103 28
73 12
110 20
62 50
73 10
70 17
70 47
92 43
103 46
108 31
107 55
81 8
74 44
101 45
75 39
85 50
109 14
63 22
96 38
97 37
88 26
85 10
74 21
60 5

100 7 7
8 64
28 98
33 71
46 103
39 94
45 105
17 70
50 70
24 93
33 72
7 102
19 62
31 93
13 73
43 65
42 77
22 63
46 84
39 75
43 76
19 97
26 88
21 87
38 87
34 85
40 91
6 107
55 80
16 96
33 92
31 108
53 84
6 94
33 88
50 85
44 74
49 110
44 70
46 72
22 87
16 94
45 101
50 62
20 109
24 64
20 110
6 72
43 94
5 60
38 99
38 107
12 73
25 66
37 97
33 89
52 66
8 81
41 98
24 107
38 96
7 110
41 66
14 109
27 98
13 100
30 77
52 91
42 73
2 56
54 87
38 101
38 63
39 74
6 73
10 85
28 103
55 107
21 74
8 74
25 90
43 92
43 71
47 91
19 67
23 77
37 79
36 110
14 87
13 108
47 70
51 97
10 73
53 65
27 94
16 79
16 71
25 72
43 105
55 84
15 63
