19

100 6 4
1050 66
1018 72
1005 75
1011 74
1008 75
1035 94
1048 65
1025 92
1025 73
1000 46
1025 54
1046 70
1002 92
1043 78
1028 75
1014 92
1014 54
1037 51
1004 84
1004 49
1019 53
1008 81
1014 54
1047 71
1039 56
1021 67
1010 64
1044 71
1006 86
1009 93
1002 84
1022 84
1013 77
1045 60
1029 85
1042 95
1025 67
1042 85
1034 91
1019 84
16 38
1018 82
1002 91
1011 87
1025 73
1014 50
1047 55
1011 81
1017 64
1046 63
1049 55
1035 88
1024 67
1021 78
1021 77
1030 92
1005 91
1050 82
1022 95
1032 73
1031 49
1028 61
1018 48
20 45
1010 95
1045 88
1024 55
1002 58
1005 81
1006 66
1041 51
1044 55
1001 52
1024 76
1010 95
1026 60
1032 84
1001 57
1022 74
1035 86
1002 83
1033 74
1035 62
1045 64
1028 72
1005 85
1039 57
1032 91
1043 59
1022 84
1005 67
1007 64
1049 72
1034 50
1031 63
1047 71
1003 68
1021 88
1028 58
1046 50

100 5 5
85 27
62 68
61 26
73 51
56 49
63 27
64 36
83 26
47 22
95 36
55 63
55 55
71 64
73 55
97 37
74 37
82 52
92 55
80 60
89 29
60 40
89 37
58 69
72 32
72 60
76 63
54 38
60 38
89 52
80 38
91 51
59 66
60 71
58 47
92 26
85 36
87 26
54 70
98 55
96 59
93 51
96 67
94 72
48 25
69 66
87 56
64 45
50 30
72 31
67 54
95 31
55 41
70 43
61 66
85 56
72 32
74 70
68 27
92 63
58 36
49 52
86 39
95 32
63 55
87 38
84 74
68 39
82 53
91 56
97 50
63 46
49 44
74 35
57 62
66 71
59 50
73 49
76 37
94 34
52 37
57 65
56 44
87 46
62 44
71 55
59 29
58 51
54 68
93 58
49 74
98 71
79 44
51 68
59 48
65 43
86 58
82 26
62 32
62 48
61 74

100 5 5
62 57
36 64
49 73
68 62
46 63
74 61
60 72
26 87
71 66
52 82
36 58
48 59
54 67
63 55
38 54
44 56
66 69
26 92
44 49
58 93
40 60
39 68
47 58
64 71
53 82
60 80
70 54
55 63
56 87
69 58
38 87
26 82
71 60
32 95
72 94
29 89
38 80
31 72
49 56
36 85
74 49
27 68
51 93
65 57
51 58
30 50
37 97
59 96
63 76
55 73
55 98
38 60
27 63
68 54
43 65
39 86
37 76
37 52
55 71
22 47
67 96
52 89
26 61
56 85
29 59
63 92
36 95
71 98
48 62
25 48
56 91
66 59
35 74
50 97
55 55
44 62
31 95
41 55
44 79
34 94
32 72
74 84
51 91
26 83
70 74
46 87
27 85
45 64
51 73
55 92
50 59
43 70
52 49
66 61
32 62
37 89
32 72
37 74
58 86
68 51

100 4 7
115 114
96 147
88 128
94 144
88 134
106 137
89 139
114 144
110 99
112 122
87 124
105 139
94 141
128 100
87 123
86 145
120 120
126 114
102 108
93 143
106 129
123 118
114 136
103 137
100 143
126 145
129 143
84 108
121 115
104 139
93 114
120 147
111 106
106 131
128 130
94 115
87 132
83 110
119 114
90 121
121 111
100 148
120 113
86 132
125 101
119 114
113 116
100 115
116 114
115 146
116 117
85 117
82 134
116 141
88 99
100 103
113 101
127 121
98 140
113 129
90 102
88 99
100 146
86 143
88 109
103 115
116 103
81 115
117 134
81 116
87 134
105 106
85 112
98 118
83 132
128 125
113 115
125 105
83 131
104 112
112 120
103 146
107 117
107 116
112 108
96 143
104 121
112 131
95 130
103 121
117 136
94 114
78 96
86 123
118 110
111 117
105 137
79 98
90 108
129 142

100 7 4
143 100
132 83
143 93
137 103
125 128
120 120
145 126
98 79
121 90
134 87
145 86
101 125
146 115
106 111
129 113
134 117
123 87
103 116
130 95
101 113
118 123
142 129
105 125
108 84
128 88
108 112
117 111
147 120
99 88
115 113
114 126
109 88
120 112
116 107
114 119
124 87
146 103
114 116
132 86
131 106
131 83
110 83
114 119
99 88
139 89
100 128
140 98
117 107
116 113
144 94
137 105
129 106
116 81
136 117
99 110
118 98
113 120
112 104
143 96
115 100
144 114
121 103
121 127
134 82
139 104
123 86
112 85
148 100
106 105
121 104
137 106
114 94
139 105
143 86
114 93
117 85
115 81
108 102
132 87
115 121
111 121
102 90
108 90
103 100
141 94
114 115
146 100
141 116
122 112
130 128
143 129
96 78
131 112
147 96
136 114
110 118
117 116
134 88
115 94
115 103

100 4 4
180 156
160 128
190 82
101 111
138 121
147 164
198 121
163 86
143 109
167 159
135 86
126 80
136 77
113 164
184 81
153 161
162 96
137 143
179 105
170 111
132 95
112 88
167 154
188 170
188 163
132 171
163 145
161 156
131 167
133 77
191 159
144 166
136 114
115 80
114 151
192 157
105 110
162 109
148 124
177 136
144 139
164 154
196 164
106 98
155 111
162 79
103 168
173 149
171 82
99 71
122 149
137 128
179 114
184 131
103 146
179 131
113 82
106 85
138 93
173 159
100 72
187 78
135 166
180 79
159 155
195 86
113 144
132 122
129 82
157 118
126 87
129 135
195 81
132 111
121 94
129 118
191 112
173 121
103 108
107 154
137 141
133 169
118 125
104 134
146 152
185 130
132 91
179 128
153 76
154 162
107 151
174 76
97 68
196 144
129 129
111 123
120 117
180 78
113 100
183 106

100 4 4
139 144
79 180
170 188
86 195
167 131
110 105
81 195
164 196
121 198
109 162
76 153
109 143
166 144
68 97
96 162
72 100
121 173
80 115
94 121
98 106
144 113
128 137
164 147
154 107
76 174
129 129
152 146
86 163
155 159
151 114
77 136
88 112
156 180
118 157
121 138
159 191
128 179
149 122
78 180
111 155
130 185
144 196
166 135
134 104
157 192
95 132
100 113
91 132
71 99
159 173
154 167
82 113
82 190
131 184
111 170
159 167
136 177
80 126
145 163
112 191
125 118
114 179
162 154
114 136
143 137
122 132
86 135
169 133
78 187
118 129
131 179
82 171
146 103
135 129
128 160
106 183
82 129
123 111
161 153
108 103
163 188
154 164
79 162
117 120
151 107
149 173
171 132
164 113
111 101
168 103
111 132
87 126
77 133
124 148
156 161
105 179
141 137
81 184
93 138
85 106

100 6 5
101 129
115 108
39 81
85 173
93 181
107 89
105 104
46 140
125 123
109 157
74 178
88 132
69 132
84 87
73 129
62 153
135 170
56 129
92 170
109 159
71 132
40 82
71 145
42 118
82 154
68 127
54 83
66 178
92 153
71 83
116 182
90 143
56 153
57 96
55 130
61 109
134 129
128 172
54 131
61 155
59 147
72 133
77 123
95 180
61 120
49 108
74 165
115 94
115 120
110 173
43 148
83 124
43 111
54 145
140 146
89 122
88 166
90 120
94 145
75 143
76 141
107 100
89 105
89 142
66 151
106 123
126 104
85 128
111 145
111 145
104 97
89 180
58 86
120 119
48 105
79 135
37 80
105 168
105 171
125 121
44 126
63 117
98 121
72 171
116 98
79 87
99 96
74 157
73 126
90 144
94 146
132 126
82 155
88 145
58 85
75 153
79 132
92 112
63 89
75 114

100 5 6
182 116
146 140
170 135
111 43
155 61
129 101
108 115
133 72
168 105
173 85
105 89
141 76
126 132
148 43
85 58
96 57
100 107
97 104
83 54
89 63
171 72
153 75
124 83
132 69
109 61
86 58
153 56
131 54
80 37
145 111
121 98
129 56
120 115
155 82
165 74
118 42
132 88
117 63
104 105
123 106
142 89
153 92
82 40
132 79
170 92
145 111
108 49
119 120
173 110
140 46
172 128
87 84
178 74
146 94
126 44
96 99
143 75
157 74
123 125
120 90
128 85
127 68
143 90
114 75
153 62
105 48
171 105
132 71
83 71
121 125
147 59
126 73
112 92
122 89
123 77
159 109
180 89
181 93
87 79
129 73
151 66
166 88
144 90
145 54
129 134
104 126
81 39
94 115
178 66
135 79
130 55
145 94
180 95
145 71
145 88
120 61
154 82
98 116
89 107
157 109

100 4 6
135 37
138 28
150 123
109 93
90 63
142 103
114 34
106 74
166 56
125 74
156 73
124 40
125 48
121 119
159 80
70 25
152 37
131 31
157 120
138 49
104 59
108 41
136 41
149 97
139 88
72 115
111 80
130 112
155 38
110 61
152 49
115 87
126 105
159 32
85 35
89 89
98 81
142 62
161 80
123 115
145 33
165 85
85 97
152 103
169 126
151 122
151 38
153 96
124 105
85 41
85 59
112 78
71 26
94 59
103 75
158 43
86 110
90 82
164 100
109 109
104 86
156 55
171 85
171 34
123 117
124 37
69 22
75 57
84 77
76 27
105 31
156 45
90 51
89 108
90 106
108 105
123 100
82 94
144 86
167 106
169 46
78 40
157 119
99 31
154 70
112 76
102 49
138 78
101 56
160 74
164 28
74 64
100 41
108 29
74 29
160 112
91 106
168 78
131 101
162 122

100 6 4
63 90
126 169
29 74
22 69
78 168
61 110
31 99
51 90
82 90
119 121
86 144
105 126
28 138
86 104
37 152
115 123
55 156
56 166
75 103
97 149
89 89
35 85
80 111
38 151
41 85
78 112
112 160
106 167
25 70
74 125
122 162
40 78
70 154
115 72
41 100
40 124
122 151
26 71
80 161
41 108
73 156
74 106
96 153
32 159
123 150
62 142
103 152
80 159
57 75
28 164
94 82
37 135
105 108
110 86
119 157
41 136
27 76
43 158
38 155
74 160
49 138
78 138
106 90
103 142
97 85
77 84
49 152
34 171
109 109
120 157
117 123
59 94
87 115
33 145
108 89
101 131
31 131
29 108
81 98
49 102
85 171
56 101
100 123
45 156
59 85
100 164
106 91
64 74
31 105
46 169
59 104
93 109
76 112
34 114
37 124
105 124
48 125
85 165
88 139
112 130

100 7 2
87 161
71 95
34 169
39 174
39 102
77 142
65 157
74 184
40 183
83 90
51 99
56 111
69 138
68 93
50 97
30 97
55 132
86 138
18 152
12 84
81 126
28 103
55 152
71 160
56 166
61 151
23 99
21 162
48 115
29 106
13 85
38 156
31 117
78 168
74 134
110 86
88 158
78 162
96 163
17 155
33 95
96 148
69 147
67 102
113 100
103 96
103 101
88 171
44 95
39 154
97 88
53 174
10 82
102 136
108 131
76 175
17 146
44 166
56 146
52 171
63 122
27 131
84 126
29 86
21 169
70 86
108 185
54 162
101 176
41 169
89 174
105 133
92 179
27 108
16 126
56 151
106 138
76 128
25 103
85 111
60 103
113 123
39 144
92 128
30 94
86 162
62 119
84 162
96 178
52 149
27 110
58 152
37 87
71 89
93 105
75 88
15 151
34 116
76 125
60 144

100 2 7
88 75
168 78
144 39
136 102
185 108
152 58
103 25
149 52
82 10
176 101
128 92
105 93
151 61
174 53
89 71
146 56
134 74
97 30
152 18
169 41
162 78
133 105
146 17
110 27
183 40
161 87
160 71
94 30
95 33
126 16
90 83
175 76
156 38
96 103
123 113
95 44
131 108
126 81
162 54
138 86
100 113
169 21
151 56
166 44
116 34
86 70
126 84
154 39
85 13
125 76
163 96
93 68
101 103
115 48
122 63
158 88
162 86
155 17
88 97
162 21
171 52
103 28
86 29
142 77
144 60
184 74
119 62
111 56
106 29
178 96
132 55
169 34
179 92
97 50
128 76
171 88
148 96
84 12
157 65
87 37
99 23
174 39
95 71
102 39
102 67
117 31
151 15
147 69
166 56
99 51
108 27
152 55
131 27
103 60
86 110
174 89
138 69
162 84
111 85
138 106

100 4 7
57 35
21 74
32 52
47 46
31 53
24 31
52 42
38 68
8 20
21 68
54 56
41 34
53 33
14 33
40 57
35 67
61 76
25 34
15 42
18 73
32 72
30 52
61 54
42 41
23 46
50 42
56 43
44 34
14 59
39 31
37 33
21 29
46 68
41 30
60 32
30 34
34 69
21 34
39 65
20 46
23 58
49 74
49 34
28 36
49 37
15 47
27 56
26 72
62 63
26 66
23 42
48 71
13 76
58 41
49 50
61 27
18 57
18 68
47 74
25 63
15 64
49 48
43 49
56 51
24 50
56 67
48 61
11 25
47 41
14 49
35 47
28 30
44 65
18 63
14 29
28 48
54 71
44 74
12 26
30 47
41 36
59 36
29 45
56 66
42 64
62 65
47 60
26 67
37 50
13 28
27 50
52 38
38 29
26 32
23 42
39 54
23 45
59 51
25 61
45 30

100 7 4
65 44
29 21
71 54
28 13
32 26
61 25
29 38
57 40
63 18
43 56
25 11
42 23
73 18
56 54
42 52
63 25
31 39
63 62
61 48
57 18
49 14
65 39
46 20
52 32
76 13
72 26
74 47
66 26
67 35
42 23
35 57
69 34
47 15
34 41
48 49
41 58
46 47
38 52
52 30
56 27
50 49
33 37
53 31
34 44
65 62
34 25
31 24
47 30
33 14
32 60
58 23
30 41
68 46
36 41
67 56
54 39
30 45
51 59
49 43
74 44
46 23
48 28
37 49
29 14
36 59
54 61
45 29
26 12
41 42
45 23
67 26
41 47
68 18
42 50
50 27
68 21
66 56
72 32
50 24
51 56
64 15
50 37
74 21
68 38
33 53
64 42
36 28
34 30
30 28
27 61
42 15
34 49
59 14
60 47
71 48
47 35
34 21
76 61
20 8
74 49

100 4 7
20 42
21 33
61 27
33 59
32 72
67 47
62 43
18 26
46 32
58 49
49 48
10 10
44 36
44 65
45 48
27 61
29 37
52 63
33 37
28 42
28 72
44 41
66 75
46 61
52 41
61 43
43 28
29 35
28 49
65 27
50 75
59 67
62 32
51 71
30 45
33 69
24 54
54 44
58 33
54 54
22 71
22 56
26 66
59 52
26 59
35 57
37 61
35 27
35 33
58 51
47 34
63 31
67 35
68 43
17 25
63 57
44 72
35 49
48 27
62 68
31 28
39 44
24 76
64 61
48 32
39 35
28 41
32 70
25 50
22 54
27 65
27 72
35 49
67 54
33 56
49 43
64 76
56 29
55 45
53 61
34 41
62 65
32 32
19 67
45 65
43 56
21 39
51 49
40 28
21 72
53 37
22 67
58 61
55 38
63 51
40 72
60 66
54 65
40 33
67 34

100 7 4
61 27
26 18
25 17
56 22
51 63
67 19
71 22
76 64
36 44
35 67
48 49
34 47
61 37
75 50
52 59
28 43
32 32
42 28
45 55
65 27
49 28
27 35
65 62
32 48
71 51
72 21
37 29
44 54
59 26
56 33
35 29
33 58
54 22
48 45
72 28
33 35
32 46
49 35
28 31
67 59
37 33
65 45
72 32
44 39
33 40
34 67
42 20
43 61
33 21
41 28
72 27
61 46
49 51
37 53
43 49
65 44
43 68
67 22
50 25
49 58
59 33
61 53
61 58
28 40
76 24
38 55
49 35
39 21
41 44
27 65
31 63
63 52
65 54
10 10
41 52
68 62
72 44
54 24
75 66
54 67
43 62
45 30
57 35
69 33
41 34
70 32
51 58
47 67
57 63
56 43
35 39
32 62
29 56
27 61
54 54
61 64
66 26
27 48
66 60
72 40

100 7 7
91 107
88 114
98 114
69 75
70 116
113 86
86 85
112 92
80 74
76 103
104 79
103 73
104 108
70 87
72 103
91 84
109 91
78 115
70 109
77 69
108 89
105 70
116 106
112 103
113 117
73 109
86 70
96 89
69 88
85 85
90 72
85 98
100 111
100 79
82 80
86 100
88 72
82 92
117 114
68 70
67 25
93 73
86 77
105 108
76 117
74 77
105 81
74 103
104 86
113 84
85 102
71 79
99 88
71 89
108 113
108 74
87 72
74 82
105 83
104 99
72 96
81 111
86 94
80 81
95 110
114 91
98 113
102 111
95 105
81 86
82 108
101 102
69 70
107 75
10 10
98 91
107 80
83 75
93 113
100 96
68 86
91 94
74 75
93 98
106 79
81 110
112 72
88 93
17 67
89 87
88 77
83 101
72 70
89 107
77 72
85 80
99 74
79 81
93 77
98 87

100 7 7
89 71
69 77
98 85
103 112
75 74
93 88
70 68
102 101
84 91
84 113
107 89
103 74
81 80
110 81
70 86
117 76
102 85
72 77
106 116
96 100
75 107
86 81
72 90
109 73
74 108
88 99
87 89
113 98
70 69
114 88
79 104
108 82
99 104
75 69
111 100
116 70
72 87
105 95
85 85
107 91
108 105
67 17
81 105
81 79
70 105
89 96
10 10
82 74
110 95
111 81
88 69
87 70
92 112
86 113
83 105
117 113
80 107
73 93
100 86
77 93
75 83
79 100
113 93
79 106
91 98
108 104
92 82
73 103
115 78
94 91
85 86
113 108
89 108
114 98
70 72
86 104
91 109
111 102
103 76
94 86
87 98
77 88
109 70
114 117
86 68
25 67
79 71
80 82
80 85
72 88
74 99
96 72
77 74
77 86
72 112
74 80
101 83
103 72
98 93
91 114
