978 671
628 32
573 15
326 32
801 13
550 38
726 88
746 68
751 63
363 11
850 2
360 14
126 24
356 18
333 39
142 8
190 20
440 8
141 9
572 16
498 2
968 10
658 62
747 67
348 26
804 10
674 78
711 103
5 3
772 42
898 8
951 27
684 88
842 2
499 3
736 78
848 4
170 0
935 43
804 10
106 44
88 62
864 2
968 10
693 97
837 1
379 1
159 3
447 15
940 38
242 20
917 27
928 38
616 20
416 16
205 35
333 39
832 4
370 4
11 9
600 4
348 26
50 48
759 55
742 72
844 4
147 3
625 29
526 30
341 33
1 1
518 22
604 8
336 38
34 32
509 13
51 49
215 45
941 37
5 3
679 83
544 44
155 1
823 1
720 94
862 0
254 8
360 14
964 14
687 91
355 19
51 49
913 23
230 32
587 1
188 18
782 32
594 2
41 39
188 18
251 11
578 10
186 16
343 31
423 9
270 4
3 1
582 6
297 3
888 0
966 12
651 55
725 89
307 13
35 33
176 6
616 20
905 15
492 0
693 97
144 6
310 16
109 41
300 6
800 14
468 24
631 35
715 99
528 32
847 5
568 20
680 84
800 14
974 4
178 8
307 13
948 30
34 32
624 28
589 1
522 26
47 45
737 77
774 40
168 0
838 2
89 61
737 77
175 5
955 23
937 41
827 1
377 1
832 4
339 35
560 28
209 39
879 5
870 2
617 21
175 5
172 2
691 95
531 35
302 8
68 66
694 98
152 2
613 17
851 1
9 7
915 25
151 1
509 13
516 20
946 32
625 29
889 1
163 5
102 48
957 21
768 46
253 9
583 5
392 14
577 11
563 25
324 30
383 5
877 3
769 45
669 73
269 3
704 108
170 0
287 7
786 28
867 1
15 13
537 41
363 11
858 2
624 28
644 48
807 7
418 14
352 22
376 2
276 10
416 16
761 53
660 64
93 57
559 29
560 28
357 17
752 62
0 0
316 22
326 32
147 3
467 25
467 25
317 23
557 31
19 17
314 20
248 14
618 22
105 45
10 8
174 4
424 8
554 34
880 6
242 20
308 14
225 37
711 103
36 34
255 7
347 27
410 22
528 32
171 1
857 1
267 1
899 9
68 66
665 69
37 35
271 5
523 27
415 17
899 9
16 14
852 0
527 31
602 6
408 24
732 82
334 40
897 7
228 34
179 9
544 44
85 65
570 18
304 10
163 5
244 18
722 92
818 4
619 23
257 5
405 27
826 0
538 42
357 17
259 3
55 53
44 42
740 74
708 106
811 3
933 43
934 44
761 53
341 33
378 0
257 5
82 68
311 17
693 97
780 34
251 11
499 3
968 10
28 26
551 37
954 24
688 92
417 15
436 4
635 39
759 55
633 37
842 2
836 0
461 29
356 18
952 26
634 38
174 4
365 9
969 9
306 12
259 3
734 80
87 63
922 32
637 41
172 2
495 1
923 33
214 44
44 42
321 27
77 73
734 80
327 33
651 55
895 5
551 37
172 2
222 40
745 69
90 60
177 7
717 97
861 1
700 104
62 60
814 0
321 27
825 1
10 8
88 62
216 46
707 107
193 23
641 45
458 26
780 34
371 3
73 71
388 10
672 76
89 61
616 20
884 2
124 26
938 40
167 1
658 62
853 1
141 9
78 72
278 12
187 17
844 4
798 16
486 6
426 6
505 9
638 42
826 0
100 50
9 7
588 0
255 7
659 63
454 22
32 30
627 31
501 5
349 25
507 11
729 85
224 38
218 44
963 15
418 14
499 3
942 36
397 19
723 91
780 34
442 10
330 36
956 22
276 10
895 5
458 26
288 6
965 13
245 17
274 8
280 14
69 67
427 5
533 37
70 68
709 105
296 2
974 4
377 1
516 20
215 45
895 5
298 4
826 0
673 77
745 69
836 0
780 34
461 29
539 43
719 95
715 99
427 5
977 1
231 31
96 54
581 7
645 49
598 2
154 0
156 0
455 23
62 60
913 23
973 5
919 29
47 45
359 15
848 4
857 1
844 4
774 40
873 1
675 79
795 19
645 49
818 4
98 52
803 11
199 29
494 2
99 51
509 13
709 105
617 21
144 6
532 36
407 25
145 5
814 0
880 6
712 102
396 18
612 16
442 10
110 40
168 0
214 44
740 74
398 20
953 25
632 36
242 20
330 36
255 7
793 21
20 18
528 32
935 43
89 61
256 6
349 25
35 33
418 14
17 15
64 62
944 34
219 43
928 38
551 37
810 4
548 40
95 55
362 12
946 32
398 20
662 66
372 2
386 8
580 8
273 7
166 2
304 10
858 2
87 63
589 1
205 35
550 38
716 98
349 25
30 28
594 2
764 50
374 0
478 14
160 4
451 19
638 42
195 25
3 1
543 45
767 47
544 44
891 1
889 1
616 20
783 31
602 6
777 37
311 17
825 1
563 25
858 2
617 21
393 15
207 37
242 20
888 0
968 10
24 22
847 5
717 97
534 38
484 8
257 5
936 42
97 53
322 28
319 25
431 1
604 8
674 78
867 1
891 1
499 3
309 15
73 71
680 84
740 74
456 24
780 34
206 36
882 4
939 39
666 70
223 39
438 6
861 1
880 6
429 3
536 40
82 68
272 6
105 45
320 26
331 37
928 38
660 64
776 38
497 1
759 55
911 21
65 63
329 35
275 9
948 30
219 43
717 97
895 5
606 10
463 29
723 91
701 105
223 39
190 20
461 29
912 22
102 48
232 30
101 49
354 20
46 44
178 8
951 27
116 34
759 55
913 23
890 0
912 22
221 41
467 25
795 19
306 12
461 29
756 58
439 7
193 23
307 13
302 8
467 25
288 6
58 56
717 97
281 13
42 40
425 7
257 5
286 8
465 27
904 14
193 23
411 21
715 99
196 26
506 10
167 1
559 29
863 1
305 11
380 2
541 45
621 25
810 4
735 79
800 14
885 1
433 1
259 3
705 109
349 25
632 36
14 12
150 0
937 41
886 0
690 94
741 73
857 1
678 82
693 97
805 9
218 44
461 29
942 36
