850 165
83 29
602 30
836 14
838 12
634 2
652 20
667 35
47 47
399 33
106 6
189 1
40 40
829 21
439 1
616 16
772 78
529 19
409 23
184 2
116 4
61 51
304 48
111 1
193 5
487 49
478 40
631 1
397 33
556 4
385 21
64 48
446 8
837 13
448 10
181 5
584 32
35 35
515 33
475 37
280 64
834 16
325 27
677 45
703 71
45 45
46 46
183 3
68 44
592 40
657 25
322 30
712 80
267 51
747 103
508 40
684 52
402 30
42 42
274 58
647 15
282 66
0 0
517 31
828 22
597 35
62 50
843 7
600 32
9 9
361 1
611 21
276 60
668 36
414 18
814 36
41 41
179 5
17 17
693 61
462 24
641 9
460 22
704 72
552 0
85 27
657 25
121 3
727 95
816 34
436 0
650 18
9 9
50 50
393 29
215 1
593 39
469 31
313 39
191 3
787 63
34 34
374 10
372 8
447 9
13 13
264 48
702 70
487 49
78 34
700 68
621 11
678 46
478 40
83 29
481 43
684 52
503 45
768 82
455 17
233 17
61 51
154 0
583 31
667 35
549 1
349 3
267 51
545 3
35 35
176 2
696 64
846 4
289 63
229 13
397 33
532 16
325 27
380 16
124 0
621 11
494 54
334 18
826 24
461 23
354 0
46 46
201 1
299 53
419 13
612 20
87 25
403 29
816 34
345 7
88 24
23 23
756 94
452 14
198 2
679 47
278 62
89 23
10 10
348 4
288 64
