79862 362
51312 774
44352 18
40555 2285
43203 59
43594 64
25350 272
39658 3182
73827 549
30921 5843
55803 5
49773 2313
78708 188
58011 513
21797 1201
22567 431
30362 5284
26277 1199
48548 3450
19316 3682
75362 746
45150 52
26403 1325
46732 1634
15753 3489
35692 7148
51387 699
14628 2364
32760 7682
44126 142
45085 1
53826 118
33054 7976
54984 50
50030 2056
7759 401
3674 4
21924 1074
73239 1137
37056 5784
45176 78
63699 401
75758 1142
38377 4463
68391 631
77335 45
67559 41
4411 591
25925 847
71373 3003
49050 3036
16410 4146
78155 63
64662 1140
63375 77
27699 2621
36326 6514
25808 730
62972 40
66793 81
20988 2010
28077 2999
5961 135
39579 3261
79506 66
6787 27
23915 27
362 118
53979 7
57047 461
77134 246
76903 477
67535 35
52395 89
79536 72
66073 19
2628 488
68354 594
69885 2125
53009 41
71015 3255
48582 3484
136 28
31620 6542
70765 3005
2784 332
72417 1959
37530 5310
6073 247
14583 2319
26610 1532
41658 1182
33957 8879
79228 64
58687 31
47118 2020
1638 1394
6198 154
37651 5189
35644 7196
49545 2541
66731 19
75979 1363
63642 344
25413 335
47805 2707
15001 2737
63792 494
63654 356
61983 153
57288 702
10115 379
24360 160
57690 834
6666 48
66594 28
5320 208
35511 7329
4800 202
4543 459
62796 8
58800 14
51744 342
67632 2
36602 6238
6313 39
28587 3509
45049 7
61134 38
19314 3684
12513 249
36584 6256
15741 3477
32195 7117
35431 7409
25851 773
5690 110
32278 7200
22214 784
56637 51
79351 25
53507 11
3208 18
19620 3378
60581 371
56345 241
17679 5319
7627 269
70731 2971
46130 1032
52017 69
78354 44
34665 8175
28410 3332
60750 216
64767 1035
24231 31
62678 20
67815 55
37359 5481
59405 9
15585 3321
67077 365
32652 7574
48340 3242
74936 320
18775 4223
69126 1366
63945 647
62345 23
44051 217
48891 3195
27666 2588
6339 13
39672 3168
44688 258
41181 1659
51247 839
50895 1191
60190 20
16549 4285
44241 27
16495 4231
16502 4238
23967 59
33200 8122
58720 0
41924 916
6017 191
72346 2030
68322 562
37251 5589
21636 1362
41485 1355
740 496
73687 689
9063 371
11198 48
71935 2441
57176 590
9072 362
62356 12
24835 109
960 716
13734 1470
52829 17
40695 2145
57411 825
62090 260
38003 4837
77940 156
49173 2913
26102 1024
24276 76
67536 36
22913 85
3951 203
71086 3290
65949 19
75372 756
9936 318
21416 1582
27851 2773
2884 232
3927 179
16879 4615
54966 68
58848 62
67401 99
16510 4246
11284 134
39268 3572
30942 5864
71225 3151
25667 589
13921 1657
29408 4330
4368 620
41529 1311
35723 7117
54858 0
33103 8025
46511 1413
26544 1466
30975 5897
9456 18
55694 42
7756 398
74667 51
31069 5991
78054 164
44268 0
1275 1031
52248 32
37243 5597
53325 41
27004 1926
48544 3446
29214 4136
63966 668
17675 5323
44905 41
11593 109
39759 3081
70770 3010
4043 295
20916 2082
54028 18
34810 8030
78400 24
23214 30
6327 25
41934 906
784 540
36218 6622
39709 3131
60305 95
46034 936
11163 13
630 386
76640 740
45089 5
71928 2448
61505 11
58712 6
24396 196
5802 2
58797 11
10345 149
39141 3699
24897 47
35964 6876
13824 1560
16137 3873
53259 107
77446 16
13395 1131
58792 6
41853 987
66045 9
17510 5246
29162 4084
50040 2046
34850 7990
31842 6764
34342 8498
75522 906
21162 1836
54247 201
42397 443
32415 7337
74626 10
77861 77
22414 584
76137 1243
77434 28
79356 30
49362 2724
49026 3060
40817 2023
54030 20
13848 1584
19938 3060
76545 835
67596 4
4163 415
73837 539
71266 3110
55923 85
36273 6567
16751 4487
24160 0
7954 596
48007 2909
43264 50
28377 3299
63328 30
27321 2243
51535 551
8496 938
31418 6340
40383 2457
3951 203
10416 78
20589 2409
854 610
23250 6
65321 481
33002 7924
47215 2117
27742 2664
70947 3187
66654 58
51660 426
28330 3252
61091 1
68220 460
67436 64
79404 4
16069 3805
42346 494
42563 277
33781 8703
